 -2.00000   0.499    2.5194039       368.5485785
 -1.99750   0.499    2.5062324       371.3191731
 -1.99500   0.499    2.4935439       373.9614359
 -1.99250   0.499    2.4814180       376.4602332
 -1.99000   0.499    2.4699281       378.8033267
 -1.98750   0.499    2.4591381       380.9816780
 -1.98500   0.499    2.4491011       382.9899320
 -1.98250   0.499    2.4398576       384.8265417
 -1.98000   0.499    2.4314335       386.4938162
 -1.97750   0.499    2.4238392       387.9977938
 -1.97500   0.499    2.4170696       389.3479527
 -1.97250   0.499    2.4111037       390.5567715
 -1.97000   0.499    2.4059056       391.6391648
 -1.96750   0.499    2.4014252       392.6118199
 -1.96500   0.499    2.3976002       393.4924683
 -1.96250   0.499    2.3943578       394.2991225
 -1.96000   0.499    2.3916171       395.0493086
 -1.95750   0.499    2.3892917       395.7593163
 -1.95500   0.499    2.3872922       396.4434808
 -1.95250   0.499    2.3855287       397.1135039
 -1.95000   0.499    2.3839139       397.7778003
 -1.94750   0.499    2.3823656       398.4408543
 -1.94500   0.499    2.3808091       399.1025459
 -1.94250   0.499    2.3791801       399.7573841
 -1.94000   0.499    2.3774268       400.3935564
 -1.93750   0.499    2.3755118       400.9916388
 -1.93500   0.499    2.3734140       401.5226965
 -1.93250   0.499    2.3711292       401.9452556
 -1.93000   0.499    2.3686693       402.2000253
 -1.92750   0.499    2.3660589       402.1996451
 -1.92500   0.499    2.3633255       401.8056208
 -1.92250   0.499    2.3604728       400.7638335
 -1.92000   0.499    2.3573044       398.4069055
 -1.91750   0.499    2.3529659       390.4234482
 -1.91500   0.499    2.3536074       392.1648105
 -1.91250   0.499    2.3543216       393.8594462
 -1.91000   0.499    2.3555393       395.3643892
 -1.90750   0.499    2.3573772       396.6222354
 -1.90500   0.499    2.3598730       397.5882693
 -1.90250   0.499    2.3630017       398.2263791
 -1.90000   0.499    2.3666782       398.5092155
 -1.89750   0.499    2.3707592       398.4189499
 -1.89500   0.499    2.3750464       397.9477952
 -1.89250   0.499    2.3792918       397.0981876
 -1.89000   0.499    2.3832033       395.8825215
 -1.88750   0.499    2.3864482       394.3225987
 -1.88500   0.499    2.3886546       392.4489413
 -1.88250   0.499    2.3894051       390.3001072
 -1.88000   0.499    2.3882227       387.9221415
 -1.87750   0.499    2.3845413       385.3682253
 -1.87500   0.499    2.3776535       382.6985229
 -1.87250   0.499    2.3666147       379.9801336
 -1.87000   0.499    2.3500593       377.2904055
 -1.86750   0.499    2.3258246       374.6837877
 -1.86500   0.499    2.2899719       372.2599186
 -1.86250   0.499    2.2337200       370.0348123
 -1.86000   0.499    2.1251554       367.7714562
 -1.85750   0.499    1.9443817       362.4761673
 -1.85500   0.499    1.9446664       361.7352973
 -1.85250   0.499    1.9453202       362.6189124
 -1.85000   0.499    1.9460686       365.0279663
 -1.84750   0.499    1.9468530       369.1764317
 -1.84500   0.499    1.9476499       375.3906224
 -1.84250   0.499    1.9484470       384.0785781
 -1.84000   0.499    1.9492368       395.7259872
 -1.83750   0.499    1.9500138       410.8988525
 -1.83500   0.499    1.9507736       430.2464529
 -1.83250   0.499    1.9515087       454.4987678
 -1.83000   0.499    1.9522308       484.4514884
 -1.82750   0.499    1.9529205       520.9108742
 -1.82500   0.499    1.9535814       564.5677013
 -1.82250   0.499    1.9542108       615.6742845
 -1.82000   0.499    1.9548060       673.2339482
 -1.81750   0.499    1.9553651       732.7627142
 -1.81500   0.499    1.9558870       778.9557017
 -1.81250   0.499    1.9563741       750.5683965
 -1.81000   0.499    1.9571431       191.6151710
 -1.80750   0.499    1.9576049       180.8557927
 -1.80500   0.499    1.9578203       176.8475205
 -1.80250   0.499    1.9579326       174.5362631
 -1.80000   0.499    1.9579538       173.1233745
 -1.79750   0.499    1.9578757       172.3347907
 -1.79500   0.499    1.9576816       172.0579104
 -1.79250   0.499    1.9573488       172.2516327
 -1.79000   0.499    1.9568475       172.9163384
 -1.78750   0.499    1.9561401       174.0833007
 -1.78500   0.499    1.9551777       175.8125588
 -1.78250   0.499    1.9535886       165.7284073
 -1.78000   0.499    1.9522114       181.3645341
 -1.77750   0.499    1.9500079       185.5017237
 -1.77500   0.499    1.9471283       190.8635909
 -1.77250   0.499    1.9433509       197.8112575
 -1.77000   0.499    1.9383575       206.8622716
 -1.76750   0.499    1.9316797       218.7743109
 -1.76500   0.499    1.9226084       234.6853846
 -1.76250   0.499    1.9100361       256.3562411
 -1.76000   0.499    1.8921718       286.6036776
 -1.75750   0.499    1.8660084       330.0995683
 -1.75500   0.499    1.8263043       394.8730744
 -1.75250   0.499    1.7636570       495.0767996
 -1.75000   0.499    1.6613380       655.2700745
 -1.74750   0.499    1.4937319       911.2259145
 -1.74500   0.499    1.2489017      1272.4979883
 -1.74250   0.499    1.0308619      1570.1453115
 -1.74000   0.499    1.0620832      1480.1266215
 -1.73750   0.499    1.2892391      1113.4598271
 -1.73500   0.499    1.5037225       785.4854684
 -1.73250   0.499    1.6485422       570.4135610
 -1.73000   0.499    1.7403679       437.0345701
 -1.72750   0.499    1.7996063       352.6205595
 -1.72500   0.499    1.8392785       297.0693799
 -1.72250   0.499    1.8669080       259.0144713
 -1.72000   0.499    1.8868502       231.9793670
 -1.71750   0.499    1.9017005       212.1543864
 -1.71500   0.499    1.9130617       197.2140777
 -1.71250   0.499    1.9219584       185.6870094
 -1.71000   0.499    1.9290672       176.6109036
 -1.70750   0.499    1.9348481       169.3375310
 -1.70500   0.499    1.9396222       163.4185284
 -1.70250   0.499    1.9436186       158.5363926
 -1.70000   0.499    1.9470045       154.4615173
 -1.69750   0.499    1.9499039       151.0247094
 -1.69500   0.499    1.9524107       148.0991689
 -1.69250   0.499    1.9545967       145.5884054
 -1.69000   0.499    1.9565177       143.4179702
 -1.68750   0.499    1.9582177       141.5296926
 -1.68500   0.499    1.9597317       139.8775939
 -1.68250   0.499    1.9610878       138.4249414
 -1.68000   0.499    1.9623088       137.1421121
 -1.67750   0.499    1.9634135       136.0049808
 -1.67500   0.499    1.9644173       134.9937524
 -1.67250   0.499    1.9653330       134.0920476
 -1.67000   0.499    1.9660719        58.0036449
 -1.66750   0.499    1.9669416       132.5647779
 -1.66500   0.499    1.9676512       131.9180794
 -1.66250   0.499    1.9683069       131.3378888
 -1.66000   0.499    1.9689144       130.8171470
 -1.65750   0.499    1.9694784       130.3498904
 -1.65500   0.499    1.9700032       129.9307948
 -1.65250   0.499    1.9704924       129.5553708
 -1.65000   0.499    1.9709494       129.2196489
 -1.64750   0.499    1.9713768       128.9201538
 -1.64500   0.499    1.9717772       128.6538243
 -1.64250   0.499    1.9721528       128.4179511
 -1.64000   0.499    1.9725055       128.2101271
 -1.63750   0.499    1.9728371       128.0282035
 -1.63500   0.499    1.9731490       127.8702553
 -1.63250   0.499    1.9734428       127.7345509
 -1.63000   0.499    1.9737196       127.6195266
 -1.62750   0.499    1.9739806       127.5237648
 -1.62500   0.499    1.9742267       127.4459758
 -1.62250   0.499    1.9744590       127.3849820
 -1.62000   0.499    1.9746782       127.3397040
 -1.61750   0.499    1.9748851       127.3091492
 -1.61500   0.499    1.9750803       127.2924019
 -1.61250   0.499    1.9752646       127.2886143
 -1.61000   0.499    1.9754389       127.2970143
 -1.60750   0.499    1.9756022       127.3168017
 -1.60500   0.499    1.9757569       127.3473699
 -1.60250   0.499    1.9759025       127.3880390
 -1.60000   0.499    1.9760395       127.4382038
 -1.59750   0.499    1.9761684       127.4972915
 -1.59500   0.499    1.9762895       127.5647593
 -1.59250   0.499    1.9764030       127.6400916
 -1.59000   0.499    1.9765094       127.7227972
 -1.58750   0.499    1.9766088       127.8124068
 -1.58500   0.499    1.9767016       127.9084705
 -1.58250   0.499    1.9767879       128.0105565
 -1.58000   0.499    1.9768680       128.1182487
 -1.57750   0.499    1.9769421       128.2311457
 -1.57500   0.499    1.9770104       128.3488550
 -1.57250   0.499    1.9770730       128.4710026
 -1.57000   0.499    1.9771302       128.5972197
 -1.56750   0.499    1.9771820       128.7271476
 -1.56500   0.499    1.9772286       128.8604358
 -1.56250   0.499    1.9772701       128.9967413
 -1.56000   0.499    1.9773068       129.1357267
 -1.55750   0.499    1.9773386       129.2770606
 -1.55500   0.499    1.9773657       129.4204163
 -1.55250   0.499    1.9773881       129.5654708
 -1.55000   0.499    1.9774060       129.7119049
 -1.54750   0.499    1.9774195       129.8594020
 -1.54500   0.499    1.9774286       130.0076477
 -1.54250   0.499    1.9774334       130.1563293
 -1.54000   0.499    1.9774340       130.3051352
 -1.53750   0.499    1.9774304       130.4537546
 -1.53500   0.499    1.9774226       130.6018765
 -1.53250   0.499    1.9774108       130.7491900
 -1.53000   0.499    1.9773949       130.8953831
 -1.52750   0.499    1.9773751       131.0401426
 -1.52500   0.499    1.9773512       131.1831538
 -1.52250   0.499    1.9773235       131.3240997
 -1.52000   0.499    1.9772918       131.4626607
 -1.51750   0.499    1.9772562       131.5985143
 -1.51500   0.499    1.9772168       131.7313342
 -1.51250   0.499    1.9771735       131.8607906
 -1.51000   0.499    1.9771264       131.9865488
 -1.50750   0.499    1.9770754       132.1082694
 -1.50500   0.499    1.9770206       132.2256076
 -1.50250   0.499    1.9769620       132.3382125
 -1.50000   0.499    1.9768995       132.4457267
 -1.49750   0.499    1.9768331       132.5477858
 -1.49500   0.499    1.9767629       132.6440175
 -1.49250   0.499    1.9766888       132.7340412
 -1.49000   0.499    1.9766108       132.8174672
 -1.48750   0.499    1.9765289       132.8938962
 -1.48500   0.499    1.9764430       132.9629180
 -1.48250   0.499    1.9763532       133.0241111
 -1.48000   0.499    1.9762593       133.0770417
 -1.47750   0.499    1.9761614       133.1212626
 -1.47500   0.499    1.9760595       133.1563123
 -1.47250   0.499    1.9759533       133.1817134
 -1.47000   0.499    1.9758431       133.1969721
 -1.46750   0.499    1.9757285       133.2015760
 -1.46500   0.499    1.9756098       133.1949931
 -1.46250   0.499    1.9754866       133.1766700
 -1.46000   0.499    1.9753591       133.1460298
 -1.45750   0.499    1.9752271       133.1024706
 -1.45500   0.499    1.9750905       133.0453627
 -1.45250   0.499    1.9749494       132.9740461
 -1.45000   0.499    1.9748035       132.8878281
 -1.44750   0.499    1.9746529       132.7859797
 -1.44500   0.499    1.9744974       132.6677322
 -1.44250   0.499    1.9743370       132.5322732
 -1.44000   0.499    1.9741715       132.3787420
 -1.43750   0.499    1.9740009       132.2062243
 -1.43500   0.499    1.9738250       132.0137465
 -1.43250   0.499    1.9736437       131.8002687
 -1.43000   0.499    1.9734569       131.5646770
 -1.42750   0.499    1.9732645       131.3057743
 -1.42500   0.499    1.9730664       131.0222696
 -1.42250   0.499    1.9728624       130.7127663
 -1.42000   0.499    1.9726523       130.3757466
 -1.41750   0.499    1.9724361       130.0095551
 -1.41500   0.499    1.9722135       129.6123777
 -1.41250   0.499    1.9719845       129.1822170
 -1.41000   0.499    1.9717487       128.7168621
 -1.40750   0.499    1.9715061       128.2138519
 -1.40500   0.499    1.9712565       127.6704295
 -1.40250   0.499    1.9709996       127.0834855
 -1.40000   0.499    1.9707353       126.4494861
 -1.39750   0.499    1.9704633       125.7643811
 -1.39500   0.499    1.9701835       125.0234849
 -1.39250   0.499    1.9698955       124.2213165
 -1.39000   0.499    1.9695992       123.3513885
 -1.38750   0.499    1.9692941       122.4059108
 -1.38500   0.499    1.9689803       121.3753794
 -1.38250   0.499    1.9686571       120.2479639
 -1.38000   0.499    1.9683245       119.0086007
 -1.37750   0.499    1.9679821       117.6375495
 -1.37500   0.499    1.9676295       116.1080042
 -1.37250   0.499    1.9672662       114.3817939
 -1.37000   0.499    1.9668921       112.4011195
 -1.36750   0.499    1.9665065       110.0700441
 -1.36500   0.499    1.9661090       107.2049008
 -1.36250   0.499    1.9656988       103.3451003
 -1.36000   0.499    1.9652727        95.3328938
 -1.35750   0.499    1.9647646        93.2662473
 -1.35500   0.499    1.9642820        93.4217016
 -1.35250   0.499    1.9637913        93.5857095
 -1.35000   0.499    1.9632887        93.7554728
 -1.34750   0.499    1.9627723        93.9303751
 -1.34500   0.499    1.9622409        94.1102680
 -1.34250   0.499    1.9616936        94.2951676
 -1.34000   0.499    1.9611295        94.4851655
 -1.33750   0.499    1.9605477        94.6803966
 -1.33500   0.499    1.9599475        94.8810242
 -1.33250   0.499    1.9593278        95.0872335
 -1.33000   0.499    1.9586935        95.2993648
 -1.32750   0.499    1.9580269        95.5172287
 -1.32500   0.499    1.9573439        95.7414725
 -1.32250   0.499    1.9566377        95.9722131
 -1.32000   0.499    1.9559075        96.2097210
 -1.31750   0.499    1.9551521        96.4542843
 -1.31500   0.499    1.9543704        96.7062099
 -1.31250   0.499    1.9535612        96.9658244
 -1.31000   0.499    1.9527232        97.2334755
 -1.30750   0.499    1.9518552        97.5095337
 -1.30500   0.499    1.9509556        97.7943940
 -1.30250   0.499    1.9500230        98.0884777
 -1.30000   0.499    1.9490559        98.3922349
 -1.29750   0.499    1.9480526        98.7061467
 -1.29500   0.499    1.9470112        99.0307281
 -1.29250   0.499    1.9459300        99.3665313
 -1.29000   0.499    1.9448070        99.7141485
 -1.28750   0.499    1.9436400       100.0742166
 -1.28500   0.499    1.9424268       100.4474210
 -1.28250   0.499    1.9411650       100.8345008
 -1.28000   0.499    1.9398521       101.2362544
 -1.27750   0.499    1.9384854       101.6535458
 -1.27500   0.499    1.9370620       102.0873119
 -1.27250   0.499    1.9355789       102.5385708
 -1.27000   0.499    1.9340327       103.0084310
 -1.26750   0.499    1.9324200       103.4981029
 -1.26500   0.499    1.9307371       104.0089112
 -1.26250   0.499    1.9289798       104.5423094
 -1.26000   0.499    1.9271440       105.0998973
 -1.25750   0.499    1.9252249       105.6834410
 -1.25500   0.499    1.9232177       106.2948958
 -1.25250   0.499    1.9211170       106.9364362
 -1.25000   0.499    1.9189171       107.6104869
 -1.24750   0.499    1.9166118       108.3197643
 -1.24500   0.499    1.9141944       109.0673237
 -1.24250   0.499    1.9116577       109.8566179
 -1.24000   0.499    1.9089938       110.6915681
 -1.23750   0.499    1.9061941       111.5766504
 -1.23500   0.499    1.9032495       112.5170053
 -1.23250   0.499    1.9001498       113.5185702
 -1.23000   0.499    1.8968839       114.5882497
 -1.22750   0.499    1.8934396       115.7341294
 -1.22500   0.499    1.8898034       116.9657508
 -1.22250   0.499    1.8859605       118.2944663
 -1.22000   0.499    1.8818943       119.7339028
 -1.21750   0.499    1.8775863       121.3005756
 -1.21500   0.499    1.8730155       123.0147092
 -1.21250   0.499    1.8681581       124.9013513
 -1.21000   0.499    1.8629868       126.9919056
 -1.20750   0.499    1.8574698       129.3262745
 -1.20500   0.499    1.8515697       131.9559082
 -1.20250   0.499    1.8452418       134.9482231
 -1.20000   0.499    1.8384313       138.3931460
 -1.19750   0.499    1.8310700       142.4130310
 -1.19500   0.499    1.8230701       147.1780937
 -1.19250   0.499    1.8143159       152.9311537
 -1.19000   0.499    1.8046482       160.0286689
 -1.18750   0.499    1.7938401       169.0115118
 -1.18500   0.499    1.7815513       180.7326564
 -1.18250   0.499    1.7672440       196.6002314
 -1.18000   0.499    1.7500134       219.0704370
 -1.17750   0.499    1.7282200       252.7260396
 -1.17500   0.499    1.6986172       306.8641491
 -1.17250   0.499    1.6540437       402.4289225
 -1.17000   0.499    1.5765644       592.9735655
 -1.16750   0.499    1.4161442      1031.7904446
 -1.16500   0.499    1.0706259      2052.5095428
 -1.16250   0.499    0.8992379      2624.9547051
 -1.16000   0.499    1.2794910      1465.3328460
 -1.15750   0.499    1.4849362       780.1884079
 -1.15500   0.499    1.5558477       499.7536395
 -1.15250   0.499    1.5769910       371.3956786
 -1.15000   0.499    1.5775782       305.0258352
 -1.14750   0.499    1.5680792       267.5948854
 -1.14500   0.499    1.5527723       245.2947481
 -1.14250   0.499    1.5336201       231.6445227
 -1.14000   0.499    1.5116156       223.3022169
 -1.13750   0.499    1.4873098       218.4078133
 -1.13500   0.499    1.4610442       215.8577883
 -1.13250   0.499    1.4330629       214.9595191
 -1.13000   0.499    1.4035727       215.2546608
 -1.12750   0.499    1.3727780       216.4233764
 -1.12500   0.499    1.3409037       218.2297577
 -1.12250   0.499    1.3082104       220.4895324
 -1.12000   0.499    1.2750013       223.0498503
 -1.11750   0.499    1.2416338       225.7780084
 -1.11500   0.499    1.2085150       228.5532195
 -1.11250   0.499    1.1761004       231.2630364
 -1.11000   0.499    1.1448857       233.8016212
 -1.10750   0.499    1.1153919       236.0698827
 -1.10500   0.499    1.0881467       237.9769228
 -1.10250   0.499    1.0636619       239.4423537
 -1.10000   0.499    1.0424073       240.3990384
 -1.09750   0.499    1.0247859       240.7957938
 -1.09500   0.499    1.0111104       240.5996109
 -1.09250   0.499    1.0015852       239.7970091
 -1.09000   0.499    0.9962951       238.3942736
 -1.08750   0.499    0.9952025       236.4164603
 -1.08500   0.499    0.9981534       233.9052547
 -1.08250   0.499    1.0048896       230.9158992
 -1.08000   0.499    1.0150687       227.5135367
 -1.07750   0.499    1.0282856       223.7693088
 -1.07500   0.499    1.0440966       219.7566180
 -1.07250   0.499    1.0620418       215.5477971
 -1.07000   0.499    1.0816644       211.2113913
 -1.06750   0.499    1.1025276       206.8101475
 -1.06500   0.499    1.1242258       202.3997039
 -1.06250   0.499    1.1463930       198.0279178
 -1.06000   0.499    1.1687066       193.7347222
 -1.05750   0.499    1.1908891       189.5523892
 -1.05500   0.499    1.2127065       185.5060789
 -1.05250   0.499    1.2339660       181.6145602
 -1.05000   0.499    1.2545116       177.8910225
 -1.04750   0.499    1.2742203       174.3439034
 -1.04500   0.499    1.2929972       170.9776828
 -1.04250   0.499    1.3107708       167.7936234
 -1.04000   0.499    1.3274895       164.7904278
 -1.03750   0.499    1.3431165       161.9648118
 -1.03500   0.499    1.3576276       159.3119932
 -1.03250   0.499    1.3710068       156.8260988
 -1.03000   0.499    1.3832445       154.5004988
 -1.02750   0.499    1.3943345       152.3280755
 -1.02500   0.499    1.4042721       150.3014360
 -1.02250   0.499    1.4130517       148.4130762
 -1.02000   0.499    1.4206656       146.6555048
 -1.01750   0.499    1.4271016       145.0213331
 -1.01500   0.499    1.4323414       143.5033366
 -1.01250   0.499    1.4363589       142.0944928
 -1.01000   0.499    1.4391172       140.7879984
 -1.00750   0.499    1.4405669       139.5772684
 -1.00500   0.499    1.4406416       138.4559176
 -1.00250   0.499    1.4392544       137.4177242
 -1.00000   0.499    1.4362915       136.4565715
 -0.99750   0.499    1.4316037       135.5663623
 -0.99500   0.499    1.4249948       134.7408922
 -0.99250   0.499    1.4162031       133.9736608
 -0.99000   0.499    1.4048734       133.2575769
 -0.98750   0.499    1.3905110       132.5844745
 -0.98500   0.499    1.3724002       131.9442615
 -0.98250   0.499    1.3494513       131.3232853
 -0.98000   0.499    1.3198726       130.7008028
 -0.97750   0.499    1.2803471       130.0399263
 -0.97500   0.499    1.2232760       129.2566837
 -0.97250   0.499    1.1186950       128.0109953
 -0.97000   0.499    0.9877565       126.0141679
 -0.96750   0.499    0.9867723       125.9429322
 -0.96500   0.499    0.9860066       125.9555479
 -0.96250   0.499    0.9852942       125.9925802
 -0.96000   0.499    0.9845947       126.0381243
 -0.95750   0.499    0.9838896       126.0860771
 -0.95500   0.499    0.9831682       126.1338156
 -0.95250   0.499    0.9824227       126.1802540
 -0.95000   0.499    0.9816469       126.2250834
 -0.94750   0.499    0.9808353       126.2684290
 -0.94500   0.499    0.9799826       126.3106764
 -0.94250   0.499    0.9790837       126.3523791
 -0.94000   0.499    0.9781334       126.3942043
 -0.93750   0.499    0.9771263       126.4369009
 -0.93500   0.499    0.9760567       126.4812786
 -0.93250   0.499    0.9749186       126.5281954
 -0.93000   0.499    0.9737054       126.5785474
 -0.92750   0.499    0.9724100       126.6332647
 -0.92500   0.499    0.9710248       126.6933052
 -0.92250   0.499    0.9695413       126.7596527
 -0.92000   0.499    0.9679504       126.8333145
 -0.91750   0.499    0.9662418       126.9153205
 -0.91500   0.499    0.9644043       127.0067222
 -0.91250   0.499    0.9624254       127.1085945
 -0.91000   0.499    0.9602911       127.2220332
 -0.90750   0.499    0.9579857       127.3481596
 -0.90500   0.499    0.9554919       127.4881208
 -0.90250   0.499    0.9527898       127.6430931
 -0.90000   0.499    0.9498571       127.8142857
 -0.89750   0.499    0.9466685       128.0029450
 -0.89500   0.499    0.9431950       128.2103614
 -0.89250   0.499    0.9394035       128.4378760
 -0.89000   0.499    0.9352558       128.6868777
 -0.88750   0.499    0.9307075       128.9588758
 -0.88500   0.499    0.9257072       129.2553917
 -0.88250   0.499    0.9201941       129.5780985
 -0.88000   0.499    0.9140969       129.9287820
 -0.87750   0.499    0.9073302       130.3093797
 -0.87500   0.499    0.8997915       130.7220172
 -0.87250   0.499    0.8913564       131.1690525
 -0.87000   0.499    0.8818722       131.6531367
 -0.86750   0.499    0.8711485       132.1772935
 -0.86500   0.499    0.8589453       132.7450294
 -0.86250   0.499    0.8449539       133.3604874
 -0.86000   0.499    0.8287690       134.0286701
 -0.85750   0.499    0.8098455       134.7557748
 -0.85500   0.499    0.7874268       135.5497199
 -0.85250   0.499    0.7604211       136.4210197
 -0.85000   0.499    0.7271717       137.3843464
 -0.84750   0.499    0.6849826       138.4616021
 -0.84500   0.499    0.6290013       139.6888446
 -0.84250   0.499    0.5489336       141.1356259
 -0.84000   0.499    0.4144093       142.9859915
 -0.83750   0.499    0.0023785       141.2764649
 -0.83500   0.499    0.0006784       133.7284456
 -0.83250   0.499    0.0004182       129.5545848
 -0.83000   0.499    0.0003010       126.3897423
 -0.82750   0.499    0.0002329       123.7684645
 -0.82500   0.499    0.0001880       121.4996127
 -0.82250   0.499    0.0001561       119.4828523
 -0.82000   0.499    0.0001323       117.6579581
 -0.81750   0.499    0.0001139       115.9855338
 -0.81500   0.499    0.0000993       114.4382072
 -0.81250   0.499    0.0000874       112.9960888
 -0.81000   0.499    0.0000776       111.6442154
 -0.80750   0.499    0.0000694       110.3710141
 -0.80500   0.499    0.0000624       109.1673276
 -0.80250   0.499    0.0000564       108.0257715
 -0.80000   0.499    0.0000513       106.9402936
 -0.79750   0.499    0.0000467       105.9058641
 -0.79500   0.499    0.0000428       104.9182519
 -0.79250   0.499    0.0000393       103.9738591
 -0.79000   0.499    0.0000362       103.0695971
 -0.78750   0.499    0.0000335       102.2028110
 -0.78500   0.499    0.0000310       101.3711099
 -0.78250   0.499    0.0000288       100.5725008
 -0.78000   0.499    0.0000268        99.8051511
 -0.77750   0.499    0.0000249        99.0674477
 -0.77500   0.499    0.0000233        98.3579472
 -0.77250   0.499    0.0000218        97.6753523
 -0.77000   0.499    0.0000204        97.0184895
 -0.76750   0.499    0.0000192        96.3862956
 -0.76500   0.499    0.0000180        95.7778004
 -0.76250   0.499    0.0000170        95.1921162
 -0.76000   0.499    0.0000160        94.6284272
 -0.75750   0.499    0.0000151        94.0859812
 -0.75500   0.499    0.0000142        93.5640819
 -0.75250   0.499    0.0000135        93.0620824
 -0.75000   0.499    0.0000127        92.5793796
 -0.74750   0.499    0.0000121        92.1154096
 -0.74500   0.499    0.0000114        91.6696430
 -0.74250   0.499    0.0000109        91.2415815
 -0.74000   0.499    0.0000103        90.8307541
 -0.73750   0.499    0.0000098        90.4367146
 -0.73500   0.499    0.0000093        90.0590388
 -0.73250   0.499    0.0000089        89.6973218
 -0.73000   0.499    0.0000085        89.3511765
 -0.72750   0.499    0.0000081        89.0202310
 -0.72500   0.499    0.0000077        88.7041274
 -0.72250   0.499    0.0000074        88.4025200
 -0.72000   0.499    0.0000070        88.1150738
 -0.71750   0.499    0.0000067        87.8414635
 -0.71500   0.499    0.0000064        87.5813718
 -0.71250   0.499    0.0000062        87.3344888
 -0.71000   0.499    0.0000059        87.1005109
 -0.70750   0.499    0.0000056        86.8791397
 -0.70500   0.499    0.0000054        86.6700811
 -0.70250   0.499    0.0000052        86.4730448
 -0.70000   0.499    0.0000050        86.2877436
 -0.69750   0.499    0.0000048        86.1138924
 -0.69500   0.499    0.0000046        85.9512075
 -0.69250   0.499    0.0000044        85.7994068
 -0.69000   0.499    0.0000042        85.6582083
 -0.68750   0.499    0.0000041        85.5273301
 -0.68500   0.499    0.0000039        85.4064901
 -0.68250   0.499    0.0000038        85.2954049
 -0.68000   0.499    0.0000036        85.1937901
 -0.67750   0.499    0.0000035        85.1013596
 -0.67500   0.499    0.0000034        85.0178250
 -0.67250   0.499    0.0000032        84.9428956
 -0.67000   0.499    0.0000031        84.8762781
 -0.66750   0.499    0.0000030        84.8176761
 -0.66500   0.499    0.0000029        84.7667898
 -0.66250   0.499    0.0000028        84.7233157
 -0.66000   0.499    0.0000027        84.6869465
 -0.65750   0.499    0.0000026        84.6573708
 -0.65500   0.499    0.0000025        84.6342727
 -0.65250   0.499    0.0000024        84.6173316
 -0.65000   0.499    0.0000024        84.6062222
 -0.64750   0.499    0.0000023        84.6006139
 -0.64500   0.499    0.0000022        84.6001707
 -0.64250   0.499    0.0000021        84.6045513
 -0.64000   0.499    0.0000021        84.6134083
 -0.63750   0.499    0.0000020        84.6263884
 -0.63500   0.499    0.0000019        84.6431318
 -0.63250   0.499    0.0000019        84.6632726
 -0.63000   0.499    0.0000018        84.6864377
 -0.62750   0.499    0.0000017        84.7122473
 -0.62500   0.499    0.0000017        84.7403143
 -0.62250   0.499    0.0000016        84.7702438
 -0.62000   0.499    0.0000016        84.8016333
 -0.61750   0.499    0.0000015        84.8340722
 -0.61500   0.499    0.0000015        84.8671414
 -0.61250   0.499    0.0000014        84.9004130
 -0.61000   0.499    0.0000014        84.9334499
 -0.60750   0.499    0.0000013        84.9658057
 -0.60500   0.499    0.0000013        84.9970239
 -0.60250   0.499    0.0000013        85.0266376
 -0.60000   0.499    0.0000012        85.0541691
 -0.59750   0.499    0.0000012        85.0791292
 -0.59500   0.499    0.0000012        85.1010169
 -0.59250   0.499    0.0000011        85.1193185
 -0.59000   0.499    0.0000011        85.1335071
 -0.58750   0.499    0.0000011        85.1430417
 -0.58500   0.499    0.0000010        85.1473665
 -0.58250   0.499    0.0000010        85.1459100
 -0.58000   0.499    0.0000010        85.1380838
 -0.57750   0.499    0.0000009        85.1232819
 -0.57500   0.499    0.0000009        85.1008790
 -0.57250   0.499    0.0000009        85.0702296
 -0.57000   0.499    0.0000009        85.0306661
 -0.56750   0.499    0.0000008        84.9814974
 -0.56500   0.499    0.0000008        84.9220068
 -0.56250   0.499    0.0000008        84.8514501
 -0.56000   0.499    0.0000008        84.7690531
 -0.55750   0.499    0.0000007        84.6739594
 -0.55500   0.499    0.0000007        84.5654747
 -0.55250   0.499    0.0000007        84.4425688
 -0.55000   0.499    0.0000007        84.3043664
 -0.54750   0.499    0.0000006        84.1498948
 -0.54500   0.499    0.0000006        83.9781287
 -0.54250   0.499    0.0000006        83.7879839
 -0.54000   0.499    0.0000006        83.5783107
 -0.53750   0.499    0.0000006        83.3478853
 -0.53500   0.499    0.0000006        83.0954006
 -0.53250   0.499    0.0000005        82.8194550
 -0.53000   0.499    0.0000005        82.5185392
 -0.52750   0.499    0.0000005        82.1910199
 -0.52500   0.499    0.0000005        81.8351212
 -0.52250   0.499    0.0000005        81.4489010
 -0.52000   0.499    0.0000005        81.0302224
 -0.51750   0.499    0.0000004        80.5767188
 -0.51500   0.499    0.0000004        80.0857495
 -0.51250   0.499    0.0000004        79.5543437
 -0.51000   0.499    0.0000004        78.9799979
 -0.50750   0.499    0.0000004        78.3562380
 -0.50500   0.499    0.0000004        77.6811832
 -0.50250   0.499    0.0000003        76.9486906
 -0.50000   0.499    0.0000003        76.1524668
 -0.49750   0.499    0.0000003        75.2848703
 -0.49500   0.499    0.0000003        74.3364438
 -0.49250   0.499    0.0000003        73.2951145
 -0.49000   0.499    0.0000003        72.1451741
 -0.48750   0.499    0.0000003        70.8652002
 -0.48500   0.499    0.0000002        69.4246371
 -0.48250   0.499    0.0000002        67.7768984
 -0.48000   0.499    0.0000002        65.8438609
 -0.47750   0.499    0.0000002        63.4730652
 -0.47500   0.499    0.0000002        60.2658744
 -0.47250   0.499    0.0000001        52.6557666
 -0.47000   0.499    0.0000001        52.6549645
 -0.46750   0.499    0.0000001        52.6958566
 -0.46500   0.499    0.0000001        52.7274570
 -0.46250   0.499    0.0000001        52.7476217
 -0.46000   0.499    0.0000001        52.7554096
 -0.45750   0.499    0.0000001        52.7501254
 -0.45500   0.499    0.0000001        52.7311451
 -0.45250   0.499    0.0000001        52.6978643
 -0.45000   0.499    0.0000001        52.6496784
 -0.44750   0.499    0.0000001        52.5859725
 -0.44500   0.499    0.0000001        52.5061165
 -0.44250   0.499    0.0000001        52.4094605
 -0.44000   0.499    0.0000001        52.2953322
 -0.43750   0.499    0.0000001        52.1630334
 -0.43500   0.499    0.0000001        52.0118377
 -0.43250   0.499    0.0000001        51.8409870
 -0.43000   0.499    0.0000001        51.6496889
 -0.42750   0.499    0.0000001        51.4371125
 -0.42500   0.499    0.0000001        51.2023847
 -0.42250   0.499    0.0000001        50.9445862
 -0.42000   0.499    0.0000001        50.6627460
 -0.41750   0.499    0.0000001        50.3558362
 -0.41500   0.499    0.0000001        50.0227654
 -0.41250   0.499    0.0000001        49.6623715
 -0.41000   0.499    0.0000001        49.2734132
 -0.40750   0.499    0.0000001        48.8545605
 -0.40500   0.499    0.0000001        48.4043831
 -0.40250   0.499    0.0000001        47.9213374
 -0.40000   0.499    0.0000001        47.4037510
 -0.39750   0.499    0.0000001        46.8498043
 -0.39500   0.499    0.0000001        46.2575086
 -0.39250   0.499    0.0000000        45.6246800
 -0.39000   0.499    0.0000000        44.9489075
 -0.38750   0.499    0.0000000        44.2275144
 -0.38500   0.499    0.0000000        43.4575109
 -0.38250   0.499    0.0000000        42.6355344
 -0.38000   0.499    0.0000000        41.7577753
 -0.37750   0.499    0.0000000        40.8198817
 -0.37500   0.499    0.0000000        39.8168362
 -0.37250   0.499    0.0000000        38.7427948
 -0.37000   0.499    0.0000000        37.5908699
 -0.36750   0.499    0.0000000        36.3528348
 -0.36500   0.499    0.0000000        35.0187098
 -0.36250   0.499    0.0000000        33.5761660
 -0.36000   0.499    0.0000000        32.0096376
 -0.35750   0.499    0.0000000        30.2989462
 -0.35500   0.499    0.0000000        28.4170618
 -0.35250   0.499    0.0000000        26.3262222
 -0.35000   0.499    0.0000000        23.9706409
 -0.34750   0.499    0.0000000        21.2611964
 -0.34500   0.499    0.0000000        18.0375864
 -0.34250   0.499    0.0000000        13.9456881
 -0.34000   0.499    0.0000000         7.7041408
 -0.33750   0.499    0.0000000         0.0379238
 -0.33500   0.499    0.0000000         0.0257547
 -0.33250   0.499    0.0000000         0.0217924
 -0.33000   0.499    0.0000000         0.0196755
 -0.32750   0.499    0.0000000         0.0183173
 -0.32500   0.499    0.0000000         0.0173560
 -0.32250   0.499    0.0000000         0.0166321
 -0.32000   0.499    0.0000000         0.0160632
 -0.31750   0.499    0.0000000         0.0156020
 -0.31500   0.499    0.0000000         0.0152190
 -0.31250   0.499    0.0000000         0.0148948
 -0.31000   0.499    0.0000000         0.0146162
 -0.30750   0.499    0.0000000         0.0143738
 -0.30500   0.499    0.0000000         0.0141605
 -0.30250   0.499    0.0000000         0.0139711
 -0.30000   0.499    0.0000000         0.0138017
 -0.29750   0.499    0.0000000         0.0136491
 -0.29500   0.499    0.0000000         0.0135108
 -0.29250   0.499    0.0000000         0.0133848
 -0.29000   0.499    0.0000000         0.0132695
 -0.28750   0.499    0.0000000         0.0131635
 -0.28500   0.499    0.0000000         0.0130656
 -0.28250   0.499    0.0000000         0.0129750
 -0.28000   0.499    0.0000000         0.0128909
 -0.27750   0.499    0.0000000         0.0128125
 -0.27500   0.499    0.0000000         0.0127393
 -0.27250   0.499    0.0000000         0.0126707
 -0.27000   0.499    0.0000000         0.0126064
 -0.26750   0.499    0.0000000         0.0125459
 -0.26500   0.499    0.0000000         0.0124889
 -0.26250   0.499    0.0000000         0.0124351
 -0.26000   0.499    0.0000000         0.0123843
 -0.25750   0.499    0.0000000         0.0123362
 -0.25500   0.499    0.0000000         0.0122906
 -0.25250   0.499    0.0000000         0.0122473
 -0.25000   0.499    0.0000000         0.0122062
 -0.24750   0.499    0.0000000         0.0121670
 -0.24500   0.499    0.0000000         0.0121298
 -0.24250   0.499    0.0000000         0.0120942
 -0.24000   0.499    0.0000000         0.0120603
 -0.23750   0.499    0.0000000         0.0120279
 -0.23500   0.499    0.0000000         0.0119970
 -0.23250   0.499    0.0000000         0.0119673
 -0.23000   0.499    0.0000000         0.0119390
 -0.22750   0.499    0.0000000         0.0119118
 -0.22500   0.499    0.0000000         0.0118858
 -0.22250   0.499    0.0000000         0.0118608
 -0.22000   0.499    0.0000000         0.0118369
 -0.21750   0.499    0.0000000         0.0118139
 -0.21500   0.499    0.0000000         0.0117918
 -0.21250   0.499    0.0000000         0.0117706
 -0.21000   0.499    0.0000000         0.0117502
 -0.20750   0.499    0.0000000         0.0117306
 -0.20500   0.499    0.0000000         0.0117117
 -0.20250   0.499    0.0000000         0.0116936
 -0.20000   0.499    0.0000000         0.0116761
 -0.19750   0.499    0.0000000         0.0116593
 -0.19500   0.499    0.0000000         0.0116431
 -0.19250   0.499    0.0000000         0.0116275
 -0.19000   0.499    0.0000000         0.0116125
 -0.18750   0.499    0.0000000         0.0115980
 -0.18500   0.499    0.0000000         0.0115841
 -0.18250   0.499    0.0000000         0.0115707
 -0.18000   0.499    0.0000000         0.0115578
 -0.17750   0.499    0.0000000         0.0115453
 -0.17500   0.499    0.0000000         0.0115333
 -0.17250   0.499    0.0000000         0.0115218
 -0.17000   0.499    0.0000000         0.0115106
 -0.16750   0.499    0.0000000         0.0114999
 -0.16500   0.499    0.0000000         0.0114896
 -0.16250   0.499    0.0000000         0.0114797
 -0.16000   0.499    0.0000000         0.0114702
 -0.15750   0.499    0.0000000         0.0114610
 -0.15500   0.499    0.0000000         0.0114521
 -0.15250   0.499    0.0000000         0.0114437
 -0.15000   0.499    0.0000000         0.0114355
 -0.14750   0.499    0.0000000         0.0114277
 -0.14500   0.499    0.0000000         0.0114201
 -0.14250   0.499    0.0000000         0.0114129
 -0.14000   0.499    0.0000000         0.0114060
 -0.13750   0.499    0.0000000         0.0113994
 -0.13500   0.499    0.0000000         0.0113930
 -0.13250   0.499    0.0000000         0.0113870
 -0.13000   0.499    0.0000000         0.0113812
 -0.12750   0.499    0.0000000         0.0113757
 -0.12500   0.499    0.0000000         0.0113704
 -0.12250   0.499    0.0000000         0.0113654
 -0.12000   0.499    0.0000000         0.0113606
 -0.11750   0.499    0.0000000         0.0113561
 -0.11500   0.499    0.0000000         0.0113518
 -0.11250   0.499    0.0000000         0.0113477
 -0.11000   0.499    0.0000000         0.0113439
 -0.10750   0.499    0.0000000         0.0113403
 -0.10500   0.499    0.0000000         0.0113369
 -0.10250   0.499    0.0000000         0.0113337
 -0.10000   0.499    0.0000000         0.0113308
 -0.09750   0.499    0.0000000         0.0113280
 -0.09500   0.499    0.0000000         0.0113255
 -0.09250   0.499    0.0000000         0.0113232
 -0.09000   0.499    0.0000000         0.0113210
 -0.08750   0.499    0.0000000         0.0113191
 -0.08500   0.499    0.0000000         0.0113174
 -0.08250   0.499    0.0000000         0.0113158
 -0.08000   0.499    0.0000000         0.0113145
 -0.07750   0.499    0.0000000         0.0113133
 -0.07500   0.499    0.0000000         0.0113123
 -0.07250   0.499    0.0000000         0.0113115
 -0.07000   0.499    0.0000000         0.0113109
 -0.06750   0.499    0.0000000         0.0113105
 -0.06500   0.499    0.0000000         0.0113103
 -0.06250   0.499    0.0000000         0.0113102
 -0.06000   0.499    0.0000000         0.0113103
 -0.05750   0.499    0.0000000         0.0113106
 -0.05500   0.499    0.0000000         0.0113111
 -0.05250   0.499    0.0000000         0.0113117
 -0.05000   0.499    0.0000000         0.0113125
 -0.04750   0.499    0.0000000         0.0113135
 -0.04500   0.499    0.0000000         0.0113147
 -0.04250   0.499    0.0000000         0.0113160
 -0.04000   0.499    0.0000000         0.0113175
 -0.03750   0.499    0.0000000         0.0113192
 -0.03500   0.499    0.0000000         0.0113210
 -0.03250   0.499    0.0000000         0.0113230
 -0.03000   0.499    0.0000000         0.0113252
 -0.02750   0.499    0.0000000         0.0113276
 -0.02500   0.499    0.0000000         0.0113301
 -0.02250   0.499    0.0000000         0.0113328
 -0.02000   0.499    0.0000000         0.0113357
 -0.01750   0.499    0.0000000         0.0113387
 -0.01500   0.499    0.0000000         0.0113419
 -0.01250   0.499    0.0000000         0.0113453
 -0.01000   0.499    0.0000000         0.0113489
 -0.00750   0.499    0.0000000         0.0113526
 -0.00500   0.499    0.0000000         0.0113566
 -0.00250   0.499    0.0000000         0.0113606
  0.00000   0.499    0.0000000         0.0113649
