 -2.00000  0.501     2.5204187       368.1947097
 -1.99750  0.501     2.5071725       370.9797099
 -1.99500  0.501     2.4944010       373.6382760
 -1.99250  0.501     2.4821846       376.1549571
 -1.99000  0.501     2.4705979       378.5170568
 -1.98750  0.501     2.4597061       380.7151177
 -1.98500  0.501     2.4495642       382.7432750
 -1.98250  0.501     2.4402142       384.5994717
 -1.98000  0.501     2.4316840       386.2855168
 -1.97750  0.501     2.4239861       387.8069791
 -1.97500  0.501     2.4171174       389.1729164
 -1.97250  0.501     2.4110589       390.3954548
 -1.97000  0.501     2.4057766       391.4892382
 -1.96750  0.501     2.4012222       392.4707752
 -1.96500  0.501     2.3973350       393.3577168
 -1.96250  0.501     2.3940434       394.1680982
 -1.96000  0.501     2.3912678       394.9195675
 -1.95750  0.501     2.3889224       395.6286391
 -1.95500  0.501     2.3869183       396.3099751
 -1.95250  0.501     2.3851656       396.9757091
 -1.95000  0.501     2.3835769       397.6348050
 -1.94750  0.501     2.3820692       398.2924362
 -1.94500  0.501     2.3805669       398.9493481
 -1.94250  0.501     2.3790041       399.6011653
 -1.94000  0.501     2.3773271       400.2375465
 -1.93750  0.501     2.3754963       400.8410816
 -1.93500  0.501     2.3734879       401.3857090
 -1.93250  0.501     2.3712950       401.8342638
 -1.93000  0.501     2.3689270       402.1343490
 -1.92750  0.501     2.3664075       402.2106573
 -1.92500  0.501     2.3637674       401.9487372
 -1.92250  0.501     2.3610269       401.1538067
 -1.92000  0.501     2.3581419       399.4109143
 -1.91750  0.501     2.3545378       395.0181684
 -1.91500  0.501     2.3530637       391.1114989
 -1.91250  0.501     2.3537112       392.7581200
 -1.91000  0.501     2.3547567       394.2403081
 -1.90750  0.501     2.3563545       395.4916244
 -1.90500  0.501     2.3585528       396.4661809
 -1.90250  0.501     2.3613332       397.1275771
 -1.90000  0.501     2.3646155       397.4480245
 -1.89750  0.501     2.3682604       397.4087843
 -1.89500  0.501     2.3720721       397.0006361
 -1.89250  0.501     2.3758023       396.2240194
 -1.89000  0.501     2.3791549       395.0888088
 -1.88750  0.501     2.3817889       393.6138066
 -1.88500  0.501     2.3833172       391.8260778
 -1.88250  0.501     2.3832989       389.7602669
 -1.88000  0.501     2.3812210       387.4580042
 -1.87750  0.501     2.3764628       384.9674418
 -1.87500  0.501     2.3682319       382.3429713
 -1.87250  0.501     2.3554388       379.6441196
 -1.87000  0.501     2.3364652       376.9358647
 -1.86750  0.501     2.3086236       374.2669857
 -1.86500  0.501     2.2666909       371.7115099
 -1.86250  0.501     2.1973525       369.2082599
 -1.86000  0.501     2.0071166       365.6435267
 -1.85750  0.501     1.9435478       360.9506802
 -1.85500  0.501     1.9441029       360.2475180
 -1.85250  0.501     1.9448431       360.8481733
 -1.85000  0.501     1.9456428       362.8042095
 -1.84750  0.501     1.9464646       366.3427583
 -1.84500  0.501     1.9472918       371.7787997
 -1.84250  0.501     1.9481148       379.4994207
 -1.84000  0.501     1.9489274       389.9634605
 -1.83750  0.501     1.9497249       403.7057703
 -1.83500  0.501     1.9505037       421.3419102
 -1.83250  0.501     1.9512601       443.5692934
 -1.83000  0.501     1.9519930       471.1584283
 -1.82750  0.501     1.9526993       504.9177649
 -1.82500  0.501     1.9533744       545.6053556
 -1.82250  0.501     1.9540172       593.7039095
 -1.82000  0.501     1.9546250       648.8665619
 -1.81750  0.501     1.9551954       708.4497141
 -1.81500  0.501     1.9557269       763.0883550
 -1.81250  0.501     1.9562201       779.2840858
 -1.81000  0.501     1.9566590       536.4577233
 -1.80750  0.501     1.9574937       183.3814536
 -1.80500  0.501     1.9577539       178.0718852
 -1.80250  0.501     1.9578848       175.2843131
 -1.80000  0.501     1.9579194       173.6144034
 -1.79750  0.501     1.9578543       172.6584898
 -1.79500  0.501     1.9576746       172.2584655
 -1.79250  0.501     1.9573585       172.3525521
 -1.79000  0.501     1.9568773       172.9298263
 -1.78750  0.501     1.9561943       174.0142551
 -1.78500  0.501     1.9552618       175.6602601
 -1.78250  0.501     1.9540178       177.9545021
 -1.78000  0.501     1.9523797       181.0225564
 -1.77750  0.501     1.9502365       185.0410085
 -1.77500  0.501     1.9474354       190.2569574
 -1.77250  0.501     1.9437625       197.0188029
 -1.77000  0.501     1.9389111       205.8252523
 -1.76750  0.501     1.9324313       217.4049734
 -1.76500  0.501     1.9236434       232.8496541
 -1.76250  0.501     1.9114897       253.8433502
 -1.76000  0.501     1.8942656       283.0711485
 -1.75750  0.501     1.8691198       324.9707276
 -1.75500  0.501     1.8310993       387.1442946
 -1.75250  0.501     1.7713354       482.9736357
 -1.75000  0.501     1.6739807       635.8073330
 -1.74750  0.501     1.5140483       880.8282992
 -1.74500  0.501     1.2753139      1234.7706974
 -1.74250  0.501     1.0443718      1554.4870480
 -1.74000  0.501     1.0466271      1507.7517364
 -1.73750  0.501     1.2653985      1151.1511879
 -1.73500  0.501     1.4859429       812.5240715
 -1.73250  0.501     1.6371836       587.2585052
 -1.73000  0.501     1.7331674       447.4923487
 -1.72750  0.501     1.7948930       359.3339670
 -1.72500  0.501     1.8360680       301.5543473
 -1.72250  0.501     1.8646365       262.1246176
 -1.72000  0.501     1.8851877       234.2075349
 -1.71750  0.501     1.9004476       213.7955777
 -1.71500  0.501     1.9120930       198.4515276
 -1.71250  0.501     1.9211927       186.6385385
 -1.71000  0.501     1.9284502       177.3546808
 -1.70750  0.501     1.9343425       169.9268887
 -1.70500  0.501     1.9392016       163.8907714
 -1.70250  0.501     1.9432640       158.9182000
 -1.70000  0.501     1.9467020       154.7723503
 -1.69750  0.501     1.9496431       151.2790186
 -1.69500  0.501     1.9521836       148.3078566
 -1.69250  0.501     1.9543973       145.7598166
 -1.69000  0.501     1.9563412       143.5585785
 -1.68750  0.501     1.9580603       141.6445715
 -1.68500  0.501     1.9595904       139.9707743
 -1.68250  0.501     1.9609602       138.4996555
 -1.68000  0.501     1.9621930       137.2009678
 -1.67750  0.501     1.9633078       136.0501088
 -1.67500  0.501     1.9643204       135.0269034
 -1.67250  0.501     1.9652436       134.1146587
 -1.67000  0.501     1.9660891       133.2995233
 -1.66750  0.501     1.9668649       132.5697792
 -1.66500  0.501     1.9675798       131.9156360
 -1.66250  0.501     1.9682402       131.3287281
 -1.66000  0.501     1.9688519       130.8019204
 -1.65750  0.501     1.9694196       130.3290137
 -1.65500  0.501     1.9699478       129.9048801
 -1.65250  0.501     1.9704402       129.5247570
 -1.65000  0.501     1.9708999       129.1846860
 -1.64750  0.501     1.9713299       128.8811481
 -1.64500  0.501     1.9717326       128.6110455
 -1.64250  0.501     1.9721103       128.3716383
 -1.64000  0.501     1.9724650       128.1604927
 -1.63750  0.501     1.9727984       127.9754376
 -1.63500  0.501     1.9731121       127.8145288
 -1.63250  0.501     1.9734074       127.6760182
 -1.63000  0.501     1.9736857       127.5583280
 -1.62750  0.501     1.9739480       127.4600284
 -1.62500  0.501     1.9741955       127.3798193
 -1.62250  0.501     1.9744289       127.3165140
 -1.62000  0.501     1.9746493       127.2690254
 -1.61750  0.501     1.9748572       127.2363545
 -1.61500  0.501     1.9750535       127.2175794
 -1.61250  0.501     1.9752388       127.2118474
 -1.61000  0.501     1.9754137       127.2183692
 -1.60750  0.501     1.9755781       127.2363772
 -1.60500  0.501     1.9757337       127.2652363
 -1.60250  0.501     1.9758801       127.3042618
 -1.60000  0.501     1.9760180       127.3528514
 -1.59750  0.501     1.9761476       127.4104309
 -1.59500  0.501     1.9762694       127.4764562
 -1.59250  0.501     1.9763837       127.5504109
 -1.59000  0.501     1.9764907       127.6318031
 -1.58750  0.501     1.9765908       127.7201628
 -1.58500  0.501     1.9766842       127.8150403
 -1.58250  0.501     1.9767712       127.9160036
 -1.58000  0.501     1.9768519       128.0226363
 -1.57750  0.501     1.9769266       128.1345372
 -1.57500  0.501     1.9769955       128.2513177
 -1.57250  0.501     1.9770587       128.3726004
 -1.57000  0.501     1.9771165       128.4980186
 -1.56750  0.501     1.9771689       128.6272149
 -1.56500  0.501     1.9772161       128.7598399
 -1.56250  0.501     1.9772582       128.8955514
 -1.56000  0.501     1.9772954       129.0340139
 -1.55750  0.501     1.9773278       129.1748972
 -1.55500  0.501     1.9773555       129.3178762
 -1.55250  0.501     1.9773785       129.4626296
 -1.55000  0.501     1.9773970       129.6088401
 -1.54750  0.501     1.9774111       129.7561928
 -1.54500  0.501     1.9774207       129.9043755
 -1.54250  0.501     1.9774261       130.0530775
 -1.54000  0.501     1.9774273       130.2019896
 -1.53750  0.501     1.9774242       130.3508031
 -1.53500  0.501     1.9774171       130.4992097
 -1.53250  0.501     1.9774059       130.6469009
 -1.53000  0.501     1.9773906       130.7935675
 -1.52750  0.501     1.9773714       130.9388991
 -1.52500  0.501     1.9773482       131.0825840
 -1.52250  0.501     1.9773210       131.2243081
 -1.52000  0.501     1.9772900       131.3637552
 -1.51750  0.501     1.9772551       131.5006060
 -1.51500  0.501     1.9772164       131.6345379
 -1.51250  0.501     1.9771737       131.7652248
 -1.51000  0.501     1.9771273       131.8923356
 -1.50750  0.501     1.9770770       132.0155352
 -1.50500  0.501     1.9770229       132.1344829
 -1.50250  0.501     1.9769650       132.2488324
 -1.50000  0.501     1.9769033       132.3582308
 -1.49750  0.501     1.9768377       132.4623186
 -1.49500  0.501     1.9767682       132.5607286
 -1.49250  0.501     1.9766949       132.6530859
 -1.49000  0.501     1.9766177       132.7390063
 -1.48750  0.501     1.9765366       132.8180965
 -1.48500  0.501     1.9764516       132.8899527
 -1.48250  0.501     1.9763626       132.9541602
 -1.48000  0.501     1.9762697       133.0102924
 -1.47750  0.501     1.9761727       133.0579095
 -1.47500  0.501     1.9760716       133.0965580
 -1.47250  0.501     1.9759664       133.1257692
 -1.47000  0.501     1.9758571       133.1450584
 -1.46750  0.501     1.9757436       133.1539229
 -1.46500  0.501     1.9756258       133.1518411
 -1.46250  0.501     1.9755037       133.1382708
 -1.46000  0.501     1.9753773       133.1126471
 -1.45750  0.501     1.9752463       133.0743810
 -1.45500  0.501     1.9751109       133.0228565
 -1.45250  0.501     1.9749709       132.9574290
 -1.45000  0.501     1.9748262       132.8774219
 -1.44750  0.501     1.9746768       132.7821240
 -1.44500  0.501     1.9745226       132.6707858
 -1.44250  0.501     1.9743634       132.5426161
 -1.44000  0.501     1.9741992       132.3967774
 -1.43750  0.501     1.9740299       132.2323807
 -1.43500  0.501     1.9738554       132.0484805
 -1.43250  0.501     1.9736755       131.8440681
 -1.43000  0.501     1.9734902       131.6180639
 -1.42750  0.501     1.9732993       131.3693095
 -1.42500  0.501     1.9731027       131.0965573
 -1.42250  0.501     1.9729002       130.7984592
 -1.42000  0.501     1.9726918       130.4735528
 -1.41750  0.501     1.9724772       130.1202453
 -1.41500  0.501     1.9722563       129.7367946
 -1.41250  0.501     1.9720290       129.3212859
 -1.41000  0.501     1.9717951       128.8716048
 -1.40750  0.501     1.9715543       128.3854023
 -1.40500  0.501     1.9713066       127.8600542
 -1.40250  0.501     1.9710517       127.2926087
 -1.40000  0.501     1.9707894       126.6797214
 -1.39750  0.501     1.9705195       126.0175727
 -1.39500  0.501     1.9702418       125.3017600
 -1.39250  0.501     1.9699560       124.5271573
 -1.39000  0.501     1.9696617       123.6877251
 -1.38750  0.501     1.9693592       122.7762608
 -1.38500  0.501     1.9690477       121.7840243
 -1.38250  0.501     1.9687270       120.7002348
 -1.38000  0.501     1.9683969       119.5112948
 -1.37750  0.501     1.9680571       118.1996002
 -1.37500  0.501     1.9677071       116.7416048
 -1.37250  0.501     1.9673467       115.1044722
 -1.37000  0.501     1.9669755       113.2397989
 -1.36750  0.501     1.9665930       111.0704730
 -1.36500  0.501     1.9661986       108.4583309
 -1.36250  0.501     1.9657918       105.1001109
 -1.36000  0.501     1.9653713        99.9179033
 -1.35750  0.501     1.9648811        93.2745169
 -1.35500  0.501     1.9643965        93.4242767
 -1.35250  0.501     1.9639075        93.5869828
 -1.35000  0.501     1.9634076        93.7561014
 -1.34750  0.501     1.9628944        93.9305664
 -1.34500  0.501     1.9623666        94.1101082
 -1.34250  0.501     1.9618232        94.2946966
 -1.34000  0.501     1.9612631        94.4844021
 -1.33750  0.501     1.9606856        94.6793478
 -1.33500  0.501     1.9600898        94.8796903
 -1.33250  0.501     1.9594748        95.0856102
 -1.33000  0.501     1.9588398        95.2973078
 -1.32750  0.501     1.9581838        95.5150012
 -1.32500  0.501     1.9575059        95.7389254
 -1.32250  0.501     1.9568052        95.9693320
 -1.32000  0.501     1.9560805        96.2064895
 -1.31750  0.501     1.9553309        96.4506845
 -1.31500  0.501     1.9545553        96.7022217
 -1.31250  0.501     1.9537523        96.9614259
 -1.31000  0.501     1.9529208        97.2286427
 -1.30750  0.501     1.9520595        97.5042406
 -1.30500  0.501     1.9511669        97.7886120
 -1.30250  0.501     1.9502416        98.0821759
 -1.30000  0.501     1.9492820        98.3853796
 -1.29750  0.501     1.9482865        98.6987012
 -1.29500  0.501     1.9472533        99.0226524
 -1.29250  0.501     1.9461805        99.3577817
 -1.29000  0.501     1.9450662        99.7046776
 -1.28750  0.501     1.9439081       100.0639702
 -1.28500  0.501     1.9427046       100.4363463
 -1.28250  0.501     1.9414527       100.8225335
 -1.28000  0.501     1.9401501       101.2233261
 -1.27750  0.501     1.9387941       101.6395813
 -1.27500  0.501     1.9373819       102.0722283
 -1.27250  0.501     1.9359104       102.5222767
 -1.27000  0.501     1.9343763       102.9908253
 -1.26750  0.501     1.9327763       103.4790735
 -1.26500  0.501     1.9311065       103.9883336
 -1.26250  0.501     1.9293630       104.5200448
 -1.26000  0.501     1.9275416       105.0757907
 -1.25750  0.501     1.9256376       105.6573183
 -1.25500  0.501     1.9236462       106.2665621
 -1.25250  0.501     1.9215620       106.9056707
 -1.25000  0.501     1.9193795       107.5770400
 -1.24750  0.501     1.9170923       108.2833522
 -1.24500  0.501     1.9146940       109.0276222
 -1.24250  0.501     1.9121772       109.8132554
 -1.24000  0.501     1.9095344       110.6441161
 -1.23750  0.501     1.9067569       111.5246132
 -1.23500  0.501     1.9038356       112.4598049
 -1.23250  0.501     1.9007605       113.4555294
 -1.23000  0.501     1.8975205       114.5185700
 -1.22750  0.501     1.8941037       115.6568628
 -1.22500  0.501     1.8904967       116.8797632
 -1.22250  0.501     1.8866847       118.1983901
 -1.22000  0.501     1.8826515       119.6260748
 -1.21750  0.501     1.8783786       121.1789538
 -1.21500  0.501     1.8738453       122.8767611
 -1.21250  0.501     1.8690283       124.7439013
 -1.21000  0.501     1.8639006       126.8109230
 -1.20750  0.501     1.8584309       129.1165756
 -1.20500  0.501     1.8525825       131.7107278
 -1.20250  0.501     1.8463116       134.6585896
 -1.20000  0.501     1.8395646       138.0469449
 -1.19750  0.501     1.8322750       141.9935724
 -1.19500  0.501     1.8243577       146.6618553
 -1.19250  0.501     1.8157006       152.2841154
 -1.19000  0.501     1.8061506       159.2001420
 -1.18750  0.501     1.7954905       167.9233124
 -1.18500  0.501     1.7833963       179.2591802
 -1.18250  0.501     1.7693604       194.5296879
 -1.18000  0.501     1.7525350       216.0239889
 -1.17750  0.501     1.7313993       247.9752244
 -1.17500  0.501     1.7029769       298.8758275
 -1.17250  0.501     1.6607976       387.5924410
 -1.17000  0.501     1.5518652       263.8060677
 -1.16750  0.501     1.4431971       955.6029666
 -1.16500  0.501     1.1224499      1895.2588146
 -1.16250  0.501     0.8750019      2692.5194989
 -1.16000  0.501     1.2392540      1595.3127145
 -1.15750  0.501     1.4704543       834.0701580
 -1.15500  0.501     1.5513490       522.9729497
 -1.15250  0.501     1.5762672       382.8907380
 -1.15000  0.501     1.5785269       311.3918351
 -1.14750  0.501     1.5698941       271.4206610
 -1.14500  0.501     1.5551018       247.7327159
 -1.14250  0.501     1.5362934       233.2638257
 -1.14000  0.501     1.5145407       224.4084481
 -1.13750  0.501     1.4904319       219.1766598
 -1.13500  0.501     1.4643264       216.3962366
 -1.13250  0.501     1.4364762       215.3360953
 -1.13000  0.501     1.4070912       215.5153457
 -1.12750  0.501     1.3763758       216.6004372
 -1.12500  0.501     1.3445529       218.3468691
 -1.12250  0.501     1.3118794       220.5647603
 -1.12000  0.501     1.2786566       223.0978998
 -1.11750  0.501     1.2452364       225.8108504
 -1.11500  0.501     1.2120225       228.5811587
 -1.11250  0.501     1.1794679       231.2950240
 -1.11000  0.501     1.1480663       233.8454467
 -1.10750  0.501     1.1183383       236.1322239
 -1.10500  0.501     1.0908133       238.0632968
 -1.10250  0.501     1.0660065       239.5570314
 -1.10000  0.501     1.0443934       240.5449380
 -1.09750  0.501     1.0263843       240.9744069
 -1.09500  0.501     1.0123007       240.8109813
 -1.09250  0.501     1.0023568       240.0397870
 -1.09000  0.501     0.9966475       238.6658444
 -1.08750  0.501     0.9951446       236.7131508
 -1.08500  0.501     0.9977026       234.2225912
 -1.08250  0.501     1.0040705       231.2488987
 -1.08000  0.501     1.0139109       227.8569837
 -1.07750  0.501     1.0268222       224.1180621
 -1.07500  0.501     1.0423620       220.1058036
 -1.07250  0.501     1.0600704       215.8929871
 -1.07000  0.501     1.0794891       211.5487322
 -1.06750  0.501     1.1001787       207.1364179
 -1.06500  0.501     1.1217305       202.7123298
 -1.06250  0.501     1.1437750       198.3249506
 -1.06000  0.501     1.1659859       194.0147897
 -1.05750  0.501     1.1880823       189.8147508
 -1.05500  0.501     1.2098257       185.7500698
 -1.05250  0.501     1.2310210       181.8402397
 -1.05000  0.501     1.2515091       178.0986187
 -1.04750  0.501     1.2711640       174.5338667
 -1.04500  0.501     1.2898885       171.1506294
 -1.04250  0.501     1.3076092       167.9502836
 -1.04000  0.501     1.3242721       164.9316038
 -1.03750  0.501     1.3398391       162.0913437
 -1.03500  0.501     1.3542840       159.4247308
 -1.03250  0.501     1.3675893       156.9258800
 -1.03000  0.501     1.3797439       154.5881325
 -1.02750  0.501     1.3907399       152.4043283
 -1.02500  0.501     1.4005708       150.3670220
 -1.02250  0.501     1.4092294       148.4686491
 -1.02000  0.501     1.4167056       146.7016513
 -1.01750  0.501     1.4229848       145.0585672
 -1.01500  0.501     1.4280459       143.5320934
 -1.01250  0.501     1.4318591       142.1151222
 -1.01000  0.501     1.4343894       140.8008974
 -1.00750  0.501     1.4355638       139.5823072
 -1.00500  0.501     1.4353272       138.4532693
 -1.00250  0.501     1.4335778       137.4072800
 -1.00000  0.501     1.4301902       136.4380509
 -0.99750  0.501     1.4249996       135.5392668
 -0.99500  0.501     1.4177880       134.7044370
 -0.99250  0.501     1.4082627       133.9266637
 -0.99000  0.501     1.3960227       133.1982836
 -0.98750  0.501     1.3805012       132.5102494
 -0.98500  0.501     1.3608635       131.8510183
 -0.98250  0.501     1.3358031       131.2043190
 -0.98000  0.501     1.3030836       130.5440304
 -0.97750  0.501     1.2582698       129.8197449
 -0.97500  0.501     1.1896328       128.8973656
 -0.97250  0.501     0.9899396       126.3095756
 -0.97000  0.501     0.9872465       125.9760554
 -0.96750  0.501     0.9863906       125.9644189
 -0.96500  0.501     0.9856518       125.9977124
 -0.96250  0.501     0.9849460       126.0451379
 -0.96000  0.501     0.9842447       126.0967870
 -0.95750  0.501     0.9835334       126.1486695
 -0.95500  0.501     0.9828027       126.1991096
 -0.95250  0.501     0.9820457       126.2475124
 -0.95000  0.501     0.9812563       126.2938500
 -0.94750  0.501     0.9804291       126.3384202
 -0.94500  0.501     0.9795591       126.3817216
 -0.94250  0.501     0.9786410       126.4243846
 -0.94000  0.501     0.9776695       126.4671315
 -0.93750  0.501     0.9766392       126.5107518
 -0.93500  0.501     0.9755443       126.5560869
 -0.93250  0.501     0.9743784       126.6040195
 -0.93000  0.501     0.9731348       126.6554671
 -0.92750  0.501     0.9718063       126.7113768
 -0.92500  0.501     0.9703848       126.7727232
 -0.92250  0.501     0.9688618       126.8405041
 -0.92000  0.501     0.9672275       126.9157412
 -0.91750  0.501     0.9654714       126.9994781
 -0.91500  0.501     0.9635817       127.0927807
 -0.91250  0.501     0.9615453       127.1967372
 -0.91000  0.501     0.9593477       127.3124597
 -0.90750  0.501     0.9569726       127.4410855
 -0.90500  0.501     0.9544016       127.5837795
 -0.90250  0.501     0.9516140       127.7417376
 -0.90000  0.501     0.9485862       127.9161804
 -0.89750  0.501     0.9452917       128.1084103
 -0.89500  0.501     0.9416998       128.3197140
 -0.89250  0.501     0.9377755       128.5514747
 -0.89000  0.501     0.9334783       128.8051302
 -0.88750  0.501     0.9287611       129.0821946
 -0.88500  0.501     0.9235691       129.3842778
 -0.88250  0.501     0.9178376       129.7130966
 -0.88000  0.501     0.9114898       130.0705067
 -0.87750  0.501     0.9044341       130.4585294
 -0.87500  0.501     0.8965600       130.8793912
 -0.87250  0.501     0.8877325       131.3355750
 -0.87000  0.501     0.8777851       131.8298876
 -0.86750  0.501     0.8665095       132.3655507
 -0.86500  0.501     0.8536407       132.9463271
 -0.86250  0.501     0.8388354       133.5766998
 -0.86000  0.501     0.8216389       134.2621351
 -0.85750  0.501     0.8014321       135.0094847
 -0.85500  0.501     0.7773433       135.8276308
 -0.85250  0.501     0.7480913       136.7285873
 -0.85000  0.501     0.7116821       137.7295365
 -0.84750  0.501     0.6647543       138.8570349
 -0.84500  0.501     0.6009135       140.1572158
 -0.84250  0.501     0.5051659       141.7281170
 -0.84000  0.501     0.3193913       143.9058055
 -0.83750  0.501     0.0011233       137.3354241
 -0.83500  0.501     0.0005435       131.8988137
 -0.83250  0.501     0.0003630       128.2379271
 -0.83000  0.501     0.0002705       125.3345400
 -0.82750  0.501     0.0002134       122.8782508
 -0.82500  0.501     0.0001745       120.7253546
 -0.82250  0.501     0.0001462       118.7956060
 -0.82000  0.501     0.0001248       117.0389503
 -0.81750  0.501     0.0001080       115.4217675
 -0.81500  0.501     0.0000946       113.9202418
 -0.81250  0.501     0.0000836       112.5168096
 -0.81000  0.501     0.0000744       111.1981017
 -0.80750  0.501     0.0000667       109.9536784
 -0.80500  0.501     0.0000601       108.7752136
 -0.80250  0.501     0.0000545       107.6559475
 -0.80000  0.501     0.0000496       106.5903084
 -0.79750  0.501     0.0000453       105.5736423
 -0.79500  0.501     0.0000415       104.6020169
 -0.79250  0.501     0.0000382       103.6720756
 -0.79000  0.501     0.0000352       102.7809268
 -0.78750  0.501     0.0000326       101.9260590
 -0.78500  0.501     0.0000302       101.1052745
 -0.78250  0.501     0.0000281       100.3166373
 -0.78000  0.501     0.0000261        99.5584308
 -0.77750  0.501     0.0000244        98.8291248
 -0.77500  0.501     0.0000228        98.1273476
 -0.77250  0.501     0.0000213        97.4518633
 -0.77000  0.501     0.0000200        96.8015536
 -0.76750  0.501     0.0000188        96.1754018
 -0.76500  0.501     0.0000177        95.5724798
 -0.76250  0.501     0.0000166        94.9919369
 -0.76000  0.501     0.0000157        94.4329906
 -0.75750  0.501     0.0000148        93.8949181
 -0.75500  0.501     0.0000140        93.3770497
 -0.75250  0.501     0.0000132        92.8787625
 -0.75000  0.501     0.0000125        92.3994755
 -0.74750  0.501     0.0000119        91.9386441
 -0.74500  0.501     0.0000113        91.4957574
 -0.74250  0.501     0.0000107        91.0703334
 -0.74000  0.501     0.0000102        90.6619161
 -0.73750  0.501     0.0000097        90.2700753
 -0.73500  0.501     0.0000092        89.8943977
 -0.73250  0.501     0.0000088        89.5344915
 -0.73000  0.501     0.0000083        89.1899807
 -0.72750  0.501     0.0000080        88.8605044
 -0.72500  0.501     0.0000076        88.5457145
 -0.72250  0.501     0.0000073        88.2452747
 -0.72000  0.501     0.0000069        87.9588590
 -0.71750  0.501     0.0000066        87.6861505
 -0.71500  0.501     0.0000063        87.4268401
 -0.71250  0.501     0.0000061        87.1806254
 -0.71000  0.501     0.0000058        86.9472102
 -0.70750  0.501     0.0000056        86.7263030
 -0.70500  0.501     0.0000053        86.5176166
 -0.70250  0.501     0.0000051        86.3208673
 -0.70000  0.501     0.0000049        86.1357741
 -0.69750  0.501     0.0000047        85.9620578
 -0.69500  0.501     0.0000045        85.7994411
 -0.69250  0.501     0.0000044        85.6476472
 -0.69000  0.501     0.0000042        85.5064005
 -0.68750  0.501     0.0000040        85.3754229
 -0.68500  0.501     0.0000039        85.2544393
 -0.68250  0.501     0.0000037        85.1431712
 -0.68000  0.501     0.0000036        85.0413393
 -0.67750  0.501     0.0000035        84.9486624
 -0.67500  0.501     0.0000033        84.8648574
 -0.67250  0.501     0.0000032        84.7896387
 -0.67000  0.501     0.0000031        84.7227177
 -0.66750  0.501     0.0000030        84.6638030
 -0.66500  0.501     0.0000029        84.6125995
 -0.66250  0.501     0.0000028        84.5688088
 -0.66000  0.501     0.0000027        84.5321283
 -0.65750  0.501     0.0000026        84.5022384
 -0.65500  0.501     0.0000025        84.4788671
 -0.65250  0.501     0.0000024        84.4616596
 -0.65000  0.501     0.0000023        84.4503083
 -0.64750  0.501     0.0000023        84.4444876
 -0.64500  0.501     0.0000022        84.4438663
 -0.64250  0.501     0.0000021        84.4481079
 -0.64000  0.501     0.0000020        84.4568700
 -0.63750  0.501     0.0000020        84.4698043
 -0.63500  0.501     0.0000019        84.4865561
 -0.63250  0.501     0.0000018        84.5067644
 -0.63000  0.501     0.0000018        84.5300614
 -0.62750  0.501     0.0000017        84.5560725
 -0.62500  0.501     0.0000017        84.5844157
 -0.62250  0.501     0.0000016        84.6147018
 -0.62000  0.501     0.0000016        84.6465337
 -0.61750  0.501     0.0000015        84.6795064
 -0.61500  0.501     0.0000015        84.7132065
 -0.61250  0.501     0.0000014        84.7472120
 -0.61000  0.501     0.0000014        84.7810920
 -0.60750  0.501     0.0000013        84.8144059
 -0.60500  0.501     0.0000013        84.8467039
 -0.60250  0.501     0.0000013        84.8775255
 -0.60000  0.501     0.0000012        84.9063999
 -0.59750  0.501     0.0000012        84.9328448
 -0.59500  0.501     0.0000011        84.9563665
 -0.59250  0.501     0.0000011        84.9764591
 -0.59000  0.501     0.0000011        84.9926032
 -0.58750  0.501     0.0000010        85.0042661
 -0.58500  0.501     0.0000010        85.0109006
 -0.58250  0.501     0.0000010        85.0119442
 -0.58000  0.501     0.0000010        85.0068181
 -0.57750  0.501     0.0000009        84.9949260
 -0.57500  0.501     0.0000009        84.9756532
 -0.57250  0.501     0.0000009        84.9483654
 -0.57000  0.501     0.0000008        84.9124067
 -0.56750  0.501     0.0000008        84.8670986
 -0.56500  0.501     0.0000008        84.8117379
 -0.56250  0.501     0.0000008        84.7455946
 -0.56000  0.501     0.0000008        84.6679101
 -0.55750  0.501     0.0000007        84.5778941
 -0.55500  0.501     0.0000007        84.4747218
 -0.55250  0.501     0.0000007        84.3575313
 -0.55000  0.501     0.0000007        84.2254188
 -0.54750  0.501     0.0000006        84.0774351
 -0.54500  0.501     0.0000006        83.9125807
 -0.54250  0.501     0.0000006        83.7297996
 -0.54000  0.501     0.0000006        83.5279736
 -0.53750  0.501     0.0000006        83.3059137
 -0.53500  0.501     0.0000006        83.0623524
 -0.53250  0.501     0.0000005        82.7959322
 -0.53000  0.501     0.0000005        82.5051939
 -0.52750  0.501     0.0000005        82.1885614
 -0.52500  0.501     0.0000005        81.8443245
 -0.52250  0.501     0.0000005        81.4706170
 -0.52000  0.501     0.0000005        81.0653908
 -0.51750  0.501     0.0000004        80.6263835
 -0.51500  0.501     0.0000004        80.1510784
 -0.51250  0.501     0.0000004        79.6366536
 -0.51000  0.501     0.0000004        79.0799177
 -0.50750  0.501     0.0000004        78.4772255
 -0.50500  0.501     0.0000004        77.8243684
 -0.50250  0.501     0.0000003        77.1164259
 -0.50000  0.501     0.0000003        76.3475636
 -0.49750  0.501     0.0000003        75.5107482
 -0.49500  0.501     0.0000003        74.5973373
 -0.49250  0.501     0.0000003        73.5964658
 -0.49000  0.501     0.0000003        72.4940907
 -0.48750  0.501     0.0000003        71.2714292
 -0.48500  0.501     0.0000003        69.9022338
 -0.48250  0.501     0.0000002        68.3476311
 -0.48000  0.501     0.0000002        66.5451618
 -0.47750  0.501     0.0000002        64.3812302
 -0.47500  0.501     0.0000002        61.5991006
 -0.47250  0.501     0.0000002        57.1954429
 -0.47000  0.501     0.0000001        52.5592574
 -0.46750  0.501     0.0000001        52.6005375
 -0.46500  0.501     0.0000001        52.6350831
 -0.46250  0.501     0.0000001        52.6587818
 -0.46000  0.501     0.0000001        52.6704463
 -0.45750  0.501     0.0000001        52.6693214
 -0.45500  0.501     0.0000001        52.6547669
 -0.45250  0.501     0.0000001        52.6261762
 -0.45000  0.501     0.0000001        52.5829490
 -0.44750  0.501     0.0000001        52.5244778
 -0.44500  0.501     0.0000001        52.4501417
 -0.44250  0.501     0.0000001        52.3593017
 -0.44000  0.501     0.0000001        52.2512975
 -0.43750  0.501     0.0000001        52.1254443
 -0.43500  0.501     0.0000001        51.9810302
 -0.43250  0.501     0.0000001        51.8173131
 -0.43000  0.501     0.0000001        51.6335176
 -0.42750  0.501     0.0000001        51.4288318
 -0.42500  0.501     0.0000001        51.2024031
 -0.42250  0.501     0.0000001        50.9533348
 -0.42000  0.501     0.0000001        50.6806804
 -0.41750  0.501     0.0000001        50.3834393
 -0.41500  0.501     0.0000001        50.0605500
 -0.41250  0.501     0.0000001        49.7108836
 -0.41000  0.501     0.0000001        49.3332358
 -0.40750  0.501     0.0000001        48.9263178
 -0.40500  0.501     0.0000001        48.4887455
 -0.40250  0.501     0.0000001        48.0190273
 -0.40000  0.501     0.0000001        47.5155497
 -0.39750  0.501     0.0000001        46.9765602
 -0.39500  0.501     0.0000001        46.4001466
 -0.39250  0.501     0.0000000        45.7842133
 -0.39000  0.501     0.0000000        45.1264514
 -0.38750  0.501     0.0000000        44.4243037
 -0.38500  0.501     0.0000000        43.6749208
 -0.38250  0.501     0.0000000        42.8751068
 -0.38000  0.501     0.0000000        42.0212516
 -0.37750  0.501     0.0000000        41.1092457
 -0.37500  0.501     0.0000000        40.1343684
 -0.37250  0.501     0.0000000        39.0911447
 -0.37000  0.501     0.0000000        37.9731530
 -0.36750  0.501     0.0000000        36.7727660
 -0.36500  0.501     0.0000000        35.4807905
 -0.36250  0.501     0.0000000        34.0859554
 -0.36000  0.501     0.0000000        32.5741604
 -0.35750  0.501     0.0000000        30.9273304
 -0.35500  0.501     0.0000000        29.1215896
 -0.35250  0.501     0.0000000        27.1241818
 -0.35000  0.501     0.0000000        24.8878829
 -0.34750  0.501     0.0000000        22.3398299
 -0.34500  0.501     0.0000000        19.3558726
 -0.34250  0.501     0.0000000        15.6874504
 -0.34000  0.501     0.0000000        10.6464234
 -0.33750  0.501     0.0000000         0.0634502
 -0.33500  0.501     0.0000000         0.0286158
 -0.33250  0.501     0.0000000         0.0230095
 -0.33000  0.501     0.0000000         0.0203763
 -0.32750  0.501     0.0000000         0.0187820
 -0.32500  0.501     0.0000000         0.0176906
 -0.32250  0.501     0.0000000         0.0168865
 -0.32000  0.501     0.0000000         0.0162643
 -0.31750  0.501     0.0000000         0.0157655
 -0.31500  0.501     0.0000000         0.0153549
 -0.31250  0.501     0.0000000         0.0150099
 -0.31000  0.501     0.0000000         0.0147151
 -0.30750  0.501     0.0000000         0.0144597
 -0.30500  0.501     0.0000000         0.0142360
 -0.30250  0.501     0.0000000         0.0140381
 -0.30000  0.501     0.0000000         0.0138615
 -0.29750  0.501     0.0000000         0.0137029
 -0.29500  0.501     0.0000000         0.0135595
 -0.29250  0.501     0.0000000         0.0134291
 -0.29000  0.501     0.0000000         0.0133100
 -0.28750  0.501     0.0000000         0.0132006
 -0.28500  0.501     0.0000000         0.0130999
 -0.28250  0.501     0.0000000         0.0130067
 -0.28000  0.501     0.0000000         0.0129202
 -0.27750  0.501     0.0000000         0.0128398
 -0.27500  0.501     0.0000000         0.0127648
 -0.27250  0.501     0.0000000         0.0126946
 -0.27000  0.501     0.0000000         0.0126287
 -0.26750  0.501     0.0000000         0.0125669
 -0.26500  0.501     0.0000000         0.0125087
 -0.26250  0.501     0.0000000         0.0124538
 -0.26000  0.501     0.0000000         0.0124020
 -0.25750  0.501     0.0000000         0.0123530
 -0.25500  0.501     0.0000000         0.0123065
 -0.25250  0.501     0.0000000         0.0122624
 -0.25000  0.501     0.0000000         0.0122205
 -0.24750  0.501     0.0000000         0.0121807
 -0.24500  0.501     0.0000000         0.0121428
 -0.24250  0.501     0.0000000         0.0121067
 -0.24000  0.501     0.0000000         0.0120722
 -0.23750  0.501     0.0000000         0.0120393
 -0.23500  0.501     0.0000000         0.0120079
 -0.23250  0.501     0.0000000         0.0119778
 -0.23000  0.501     0.0000000         0.0119491
 -0.22750  0.501     0.0000000         0.0119215
 -0.22500  0.501     0.0000000         0.0118951
 -0.22250  0.501     0.0000000         0.0118698
 -0.22000  0.501     0.0000000         0.0118455
 -0.21750  0.501     0.0000000         0.0118222
 -0.21500  0.501     0.0000000         0.0117999
 -0.21250  0.501     0.0000000         0.0117784
 -0.21000  0.501     0.0000000         0.0117577
 -0.20750  0.501     0.0000000         0.0117379
 -0.20500  0.501     0.0000000         0.0117188
 -0.20250  0.501     0.0000000         0.0117004
 -0.20000  0.501     0.0000000         0.0116827
 -0.19750  0.501     0.0000000         0.0116657
 -0.19500  0.501     0.0000000         0.0116493
 -0.19250  0.501     0.0000000         0.0116336
 -0.19000  0.501     0.0000000         0.0116184
 -0.18750  0.501     0.0000000         0.0116038
 -0.18500  0.501     0.0000000         0.0115897
 -0.18250  0.501     0.0000000         0.0115761
 -0.18000  0.501     0.0000000         0.0115631
 -0.17750  0.501     0.0000000         0.0115505
 -0.17500  0.501     0.0000000         0.0115384
 -0.17250  0.501     0.0000000         0.0115267
 -0.17000  0.501     0.0000000         0.0115154
 -0.16750  0.501     0.0000000         0.0115046
 -0.16500  0.501     0.0000000         0.0114942
 -0.16250  0.501     0.0000000         0.0114842
 -0.16000  0.501     0.0000000         0.0114745
 -0.15750  0.501     0.0000000         0.0114653
 -0.15500  0.501     0.0000000         0.0114563
 -0.15250  0.501     0.0000000         0.0114478
 -0.15000  0.501     0.0000000         0.0114395
 -0.14750  0.501     0.0000000         0.0114316
 -0.14500  0.501     0.0000000         0.0114240
 -0.14250  0.501     0.0000000         0.0114167
 -0.14000  0.501     0.0000000         0.0114097
 -0.13750  0.501     0.0000000         0.0114031
 -0.13500  0.501     0.0000000         0.0113967
 -0.13250  0.501     0.0000000         0.0113905
 -0.13000  0.501     0.0000000         0.0113847
 -0.12750  0.501     0.0000000         0.0113791
 -0.12500  0.501     0.0000000         0.0113738
 -0.12250  0.501     0.0000000         0.0113687
 -0.12000  0.501     0.0000000         0.0113639
 -0.11750  0.501     0.0000000         0.0113593
 -0.11500  0.501     0.0000000         0.0113550
 -0.11250  0.501     0.0000000         0.0113509
 -0.11000  0.501     0.0000000         0.0113470
 -0.10750  0.501     0.0000000         0.0113433
 -0.10500  0.501     0.0000000         0.0113399
 -0.10250  0.501     0.0000000         0.0113367
 -0.10000  0.501     0.0000000         0.0113337
 -0.09750  0.501     0.0000000         0.0113309
 -0.09500  0.501     0.0000000         0.0113284
 -0.09250  0.501     0.0000000         0.0113260
 -0.09000  0.501     0.0000000         0.0113239
 -0.08750  0.501     0.0000000         0.0113219
 -0.08500  0.501     0.0000000         0.0113201
 -0.08250  0.501     0.0000000         0.0113186
 -0.08000  0.501     0.0000000         0.0113172
 -0.07750  0.501     0.0000000         0.0113160
 -0.07500  0.501     0.0000000         0.0113150
 -0.07250  0.501     0.0000000         0.0113142
 -0.07000  0.501     0.0000000         0.0113136
 -0.06750  0.501     0.0000000         0.0113131
 -0.06500  0.501     0.0000000         0.0113129
 -0.06250  0.501     0.0000000         0.0113128
 -0.06000  0.501     0.0000000         0.0113129
 -0.05750  0.501     0.0000000         0.0113132
 -0.05500  0.501     0.0000000         0.0113136
 -0.05250  0.501     0.0000000         0.0113142
 -0.05000  0.501     0.0000000         0.0113150
 -0.04750  0.501     0.0000000         0.0113160
 -0.04500  0.501     0.0000000         0.0113172
 -0.04250  0.501     0.0000000         0.0113185
 -0.04000  0.501     0.0000000         0.0113200
 -0.03750  0.501     0.0000000         0.0113217
 -0.03500  0.501     0.0000000         0.0113235
 -0.03250  0.501     0.0000000         0.0113255
 -0.03000  0.501     0.0000000         0.0113277
 -0.02750  0.501     0.0000000         0.0113301
 -0.02500  0.501     0.0000000         0.0113326
 -0.02250  0.501     0.0000000         0.0113353
 -0.02000  0.501     0.0000000         0.0113382
 -0.01750  0.501     0.0000000         0.0113412
 -0.01500  0.501     0.0000000         0.0113444
 -0.01250  0.501     0.0000000         0.0113478
 -0.01000  0.501     0.0000000         0.0113514
 -0.00750  0.501     0.0000000         0.0113551
 -0.00500  0.501     0.0000000         0.0113591
 -0.00250  0.501     0.0000000         0.0113631
  0.00000  0.501     0.0000000         0.0113674
