 -2.00000   0.549    2.5225369       363.3761395
 -1.99750   0.549    2.5080731       366.2533071
 -1.99500   0.549    2.4940233       369.0341119
 -1.99250   0.549    2.4804687       371.6871219
 -1.99000   0.549    2.4674990       374.1950472
 -1.98750   0.549    2.4551973       376.5429247
 -1.98500   0.549    2.4436375       378.7188821
 -1.98250   0.549    2.4328823       380.7146299
 -1.98000   0.549    2.4229809       382.5257985
 -1.97750   0.549    2.4139675       384.1521104
 -1.97500   0.549    2.4058600       385.5973730
 -1.97250   0.549    2.3986595       386.8692918
 -1.97000   0.549    2.3923506       387.9791098
 -1.96750   0.549    2.3869012       388.9410832
 -1.96500   0.549    2.3822646       389.7718826
 -1.96250   0.549    2.3783801       390.4897712
 -1.96000   0.549    2.3751757       391.1139037
 -1.95750   0.549    2.3725697       391.6634676
 -1.95500   0.549    2.3704735       392.1569055
 -1.95250   0.549    2.3687939       392.6111644
 -1.95000   0.549    2.3674349       393.0410177
 -1.94750   0.549    2.3663009       393.4584719
 -1.94500   0.549    2.3652977       393.8722691
 -1.94250   0.549    2.3643351       394.2874904
 -1.94000   0.549    2.3633279       394.7052607
 -1.93750   0.549    2.3621976       395.1225517
 -1.93500   0.549    2.3608731       395.5320827
 -1.93250   0.549    2.3592909       395.9223128
 -1.93000   0.549    2.3573957       396.2775185
 -1.92750   0.549    2.3551399       396.5779563
 -1.92500   0.549    2.3524817       396.8000888
 -1.92250   0.549    2.3493838       396.9168954
 -1.92000   0.549    2.3458094       396.8981308
 -1.91750   0.549    2.3417178       396.7106418
 -1.91500   0.549    2.3370575       396.3184674
 -1.91250   0.549    2.3317573       395.6826460
 -1.91000   0.549    2.3257133       394.7603772
 -1.90750   0.549    2.3187730       393.5029543
 -1.90500   0.549    2.3107111       391.8512734
 -1.90250   0.549    2.3011957       389.7261491
 -1.90000   0.549    2.2897349       387.0057711
 -1.89750   0.549    2.2755829       383.4629647
 -1.89500   0.549    2.2575037       378.4696429
 -1.89250   0.549    2.2332588       368.0356140
 -1.89000   0.549    2.2029113       366.5389000
 -1.88750   0.549    2.1561466       364.5889970
 -1.88500   0.549    2.0670927       361.3711790
 -1.88250   0.549    1.9222739       353.5197870
 -1.88000   0.549    1.9238477       352.1314732
 -1.87750   0.549    1.9253233       351.3883419
 -1.87500   0.549    1.9267224       350.8034968
 -1.87250   0.549    1.9280760       350.2213463
 -1.87000   0.549    1.9294020       349.5672660
 -1.86750   0.549    1.9307102       348.8008591
 -1.86500   0.549    1.9320056       347.9012654
 -1.86250   0.549    1.9332904       346.8613897
 -1.86000   0.549    1.9345645       345.6854130
 -1.85750   0.549    1.9358267       344.3877498
 -1.85500   0.549    1.9370751       342.9927626
 -1.85250   0.549    1.9383074       341.5349389
 -1.85000   0.549    1.9395209       340.0594227
 -1.84750   0.549    1.9407130       338.6228684
 -1.84500   0.549    1.9418813       337.2957525
 -1.84250   0.549    1.9430225       336.1543376
 -1.84000   0.549    1.9441352       335.3064638
 -1.83750   0.549    1.9452167       334.8638815
 -1.83500   0.549    1.9462649       334.9633778
 -1.83250   0.549    1.9472777       335.7644689
 -1.83000   0.549    1.9482530       337.4531382
 -1.82750   0.549    1.9491887       340.2459054
 -1.82500   0.549    1.9500829       344.3945284
 -1.82250   0.549    1.9509331       350.1914011
 -1.82000   0.549    1.9517369       357.9756463
 -1.81750   0.549    1.9524916       368.1397879
 -1.81500   0.549    1.9531940       381.1366511
 -1.81250   0.549    1.9538402       397.4856491
 -1.81000   0.549    1.9544259       417.7766142
 -1.80750   0.549    1.9549425       442.6670845
 -1.80500   0.549    1.9553953       472.8658284
 -1.80250   0.549    1.9557635       509.0800043
 -1.80000   0.549    1.9560429       551.8903603
 -1.79750   0.549    1.9562217       601.4418209
 -1.79500   0.549    1.9562859       656.6703465
 -1.79250   0.549    1.9562186       713.1798600
 -1.79000   0.549    1.9560001       756.3084809
 -1.78750   0.549    1.9556122       727.9604418
 -1.78500   0.549    1.9554507       197.2970780
 -1.78250   0.549    1.9547005       188.9347089
 -1.78000   0.549    1.9533737       187.8848201
 -1.77750   0.549    1.9515647       189.1981952
 -1.77500   0.549    1.9491805       192.2529999
 -1.77250   0.549    1.9460563       197.0363343
 -1.77000   0.549    1.9419479       203.8124483
 -1.76750   0.549    1.9364969       213.0900058
 -1.76500   0.549    1.9291694       225.6886383
 -1.76250   0.549    1.9191477       242.8933303
 -1.76000   0.549    1.9051394       266.7423217
 -1.75750   0.549    1.8759214       302.2926986
 -1.75500   0.549    1.8552062       349.9295984
 -1.75250   0.549    1.8093179       424.5937799
 -1.75000   0.549    1.7358968       541.7603243
 -1.74750   0.549    1.6150065       730.4682967
 -1.74500   0.549    1.4203144      1026.2189790
 -1.74250   0.549    1.1632139      1400.6347139
 -1.74000   0.549    1.0102349      1593.0165473
 -1.73750   0.549    1.1331183      1366.9503712
 -1.73500   0.549    1.3717791       988.7286739
 -1.73250   0.549    1.5618775       699.7880682
 -1.73000   0.549    1.6854264       516.8914950
 -1.72750   0.549    1.7638670       403.1995636
 -1.72500   0.549    1.8150827       330.3372272
 -1.72250   0.549    1.8498589       281.7051877
 -1.72000   0.549    1.8743948       247.9464104
 -1.71750   0.549    1.8923086       223.6799771
 -1.71500   0.549    1.9057826       205.7013795
 -1.71250   0.549    1.9161807       192.0300459
 -1.71000   0.549    1.9243850       181.3981278
 -1.70750   0.549    1.9309841       172.9677148
 -1.70500   0.549    1.9363819       166.1690069
 -1.70250   0.549    1.9408625       160.6045465
 -1.70000   0.549    1.9446307       155.9907543
 -1.69750   0.549    1.9478363       152.1211494
 -1.69500   0.549    1.9501878        30.1881879
 -1.69250   0.549    1.9529815       146.0398842
 -1.69000   0.549    1.9550719       143.6246328
 -1.68750   0.549    1.9569140       141.5285013
 -1.68500   0.549    1.9585482       139.6978257
 -1.68250   0.549    1.9600069       138.0900249
 -1.68000   0.549    1.9613162       136.6709620
 -1.67750   0.549    1.9624974       135.4130092
 -1.67500   0.549    1.9635678       134.2936083
 -1.67250   0.549    1.9645421       133.2941899
 -1.67000   0.549    1.9654321       132.3993510
 -1.66750   0.549    1.9662482       131.5962233
 -1.66500   0.549    1.9669988       130.8739838
 -1.66250   0.549    1.9676912       130.2234723
 -1.66000   0.549    1.9683317       129.6368893
 -1.65750   0.549    1.9689257       129.1075563
 -1.65500   0.549    1.9694777       128.6297240
 -1.65250   0.549    1.9699918       128.1984172
 -1.65000   0.549    1.9704715       127.8093100
 -1.64750   0.549    1.9709199       127.4586228
 -1.64500   0.549    1.9713396       127.1430389
 -1.64250   0.549    1.9717331       126.8596347
 -1.64000   0.549    1.9721025       126.6058223
 -1.63750   0.549    1.9724496       126.3793023
 -1.63500   0.549    1.9727761       126.1780245
 -1.63250   0.549    1.9730835       126.0001550
 -1.63000   0.549    1.9733732       125.8440207
 -1.62750   0.549    1.9736464       125.7081541
 -1.62500   0.549    1.9739041       125.5911980
 -1.62250   0.549    1.9741474       125.4919255
 -1.62000   0.549    1.9743771       125.4092184
 -1.61750   0.549    1.9745940       125.3420538
 -1.61500   0.549    1.9747989       125.2894931
 -1.61250   0.549    1.9749925       125.2506715
 -1.61000   0.549    1.9751753       125.2247905
 -1.60750   0.549    1.9753480       125.2111102
 -1.60500   0.549    1.9755110       125.2089434
 -1.60250   0.549    1.9756649       125.2176493
 -1.60000   0.549    1.9758100       125.2366250
 -1.59750   0.549    1.9759467       125.2653124
 -1.59500   0.549    1.9760755       125.3031814
 -1.59250   0.549    1.9761967       125.3497333
 -1.59000   0.549    1.9763106       125.4044965
 -1.58750   0.549    1.9764175       125.4670243
 -1.58500   0.549    1.9765181       125.5369043
 -1.58250   0.549    1.9766110       125.6136777
 -1.58000   0.549    1.9766985       125.6970226
 -1.57750   0.549    1.9767799       125.7865387
 -1.57500   0.549    1.9768554       125.8818705
 -1.57250   0.549    1.9769253       125.9826745
 -1.57000   0.549    1.9769898       126.0886187
 -1.56750   0.549    1.9770489       126.1993820
 -1.56500   0.549    1.9771029       126.3146529
 -1.56250   0.549    1.9771519       126.4341287
 -1.56000   0.549    1.9771960       126.5575146
 -1.55750   0.549    1.9772353       126.6845228
 -1.55500   0.549    1.9772700       126.8148719
 -1.55250   0.549    1.9773002       126.9482861
 -1.55000   0.549    1.9773260       127.0844949
 -1.54750   0.549    1.9773474       127.2232319
 -1.54500   0.549    1.9773645       127.3642348
 -1.54250   0.549    1.9773775       127.5072448
 -1.54000   0.549    1.9773864       127.6520059
 -1.53750   0.549    1.9773912       127.7982648
 -1.53500   0.549    1.9773921       127.9457701
 -1.53250   0.549    1.9773891       128.0942720
 -1.53000   0.549    1.9773822       128.2435223
 -1.52750   0.549    1.9773714       128.3932735
 -1.52500   0.549    1.9773569       128.5432788
 -1.52250   0.549    1.9773387       128.6932917
 -1.52000   0.549    1.9773167       128.8430654
 -1.51750   0.549    1.9772911       128.9923530
 -1.51500   0.549    1.9772618       129.1409067
 -1.51250   0.549    1.9772289       129.2884778
 -1.51000   0.549    1.9771924       129.4348161
 -1.50750   0.549    1.9771523       129.5796699
 -1.50500   0.549    1.9771086       129.7227856
 -1.50250   0.549    1.9770613       129.8639073
 -1.50000   0.549    1.9770105       130.0027764
 -1.49750   0.549    1.9769560       130.1391317
 -1.49500   0.549    1.9768980       130.2727085
 -1.49250   0.549    1.9768365       130.4032388
 -1.49000   0.549    1.9767713       130.5304504
 -1.48750   0.549    1.9767025       130.6540672
 -1.48500   0.549    1.9766301       130.7738082
 -1.48250   0.549    1.9765541       130.8893875
 -1.48000   0.549    1.9764744       131.0005137
 -1.47750   0.549    1.9763910       131.1068896
 -1.47500   0.549    1.9763039       131.2082115
 -1.47250   0.549    1.9762131       131.3041690
 -1.47000   0.549    1.9761185       131.3944443
 -1.46750   0.549    1.9760200       131.4787118
 -1.46500   0.549    1.9759177       131.5566373
 -1.46250   0.549    1.9758115       131.6278774
 -1.46000   0.549    1.9757013       131.6920789
 -1.45750   0.549    1.9755870       131.7488782
 -1.45500   0.549    1.9754688       131.7979000
 -1.45250   0.549    1.9753463       131.8387570
 -1.45000   0.549    1.9752197       131.8710485
 -1.44750   0.549    1.9750888       131.8943597
 -1.44500   0.549    1.9749535       131.9082602
 -1.44250   0.549    1.9748139       131.9123031
 -1.44000   0.549    1.9746697       131.9060233
 -1.43750   0.549    1.9745209       131.8889364
 -1.43500   0.549    1.9743675       131.8605366
 -1.43250   0.549    1.9742092       131.8202949
 -1.43000   0.549    1.9740461       131.7676574
 -1.42750   0.549    1.9738780       131.7020426
 -1.42500   0.549    1.9737048       131.6228387
 -1.42250   0.549    1.9735264       131.5294014
 -1.42000   0.549    1.9733426       131.4210498
 -1.41750   0.549    1.9731533       131.2970632
 -1.41500   0.549    1.9729585       131.1566767
 -1.41250   0.549    1.9727578       130.9990761
 -1.41000   0.549    1.9725513       130.8233947
 -1.40750   0.549    1.9723387       130.6287025
 -1.40500   0.549    1.9721199       130.4140034
 -1.40250   0.549    1.9718947       130.1782245
 -1.40000   0.549    1.9716629       129.9202073
 -1.39750   0.549    1.9714244       129.6386953
 -1.39500   0.549    1.9711789       129.3323217
 -1.39250   0.549    1.9709261       128.9995925
 -1.39000   0.549    1.9706660       128.6388679
 -1.38750   0.549    1.9703983       128.2483389
 -1.38500   0.549    1.9701227       127.8260001
 -1.38250   0.549    1.9698390       127.3696143
 -1.38000   0.549    1.9695469       126.8766721
 -1.37750   0.549    1.9692462       126.3443377
 -1.37500   0.549    1.9689365       125.7693825
 -1.37250   0.549    1.9686175       125.1480999
 -1.37000   0.549    1.9682890       124.4761947
 -1.36750   0.549    1.9679505       123.7486339
 -1.36500   0.549    1.9676018       122.9594506
 -1.36250   0.549    1.9672424       122.1014690
 -1.36000   0.549    1.9668720       121.1659184
 -1.35750   0.549    1.9664901       120.1418692
 -1.35500   0.549    1.9660964       119.0153820
 -1.35250   0.549    1.9656902       117.7681662
 -1.35000   0.549    1.9652713       116.3753474
 -1.34750   0.549    1.9648386       114.8014875
 -1.34500   0.549    1.9643920       112.9928287
 -1.34250   0.549    1.9639306       110.8600881
 -1.34000   0.549    1.9634535       108.2321822
 -1.33750   0.549    1.9629594       104.6797599
 -1.33500   0.549    1.9624419        97.2570060
 -1.33250   0.549    1.9618254        95.3889617
 -1.33000   0.549    1.9612416        95.5967233
 -1.32750   0.549    1.9606468        95.8146341
 -1.32500   0.549    1.9600360        96.0401985
 -1.32250   0.549    1.9594068        96.2729592
 -1.32000   0.549    1.9587576        96.5129016
 -1.31750   0.549    1.9580868        96.7601714
 -1.31500   0.549    1.9573934        97.0149935
 -1.31250   0.549    1.9566759        97.2776419
 -1.31000   0.549    1.9559331        97.5484273
 -1.30750   0.549    1.9551637        97.8276916
 -1.30500   0.549    1.9543633        98.1157159
 -1.30250   0.549    1.9535398        98.4131713
 -1.30000   0.549    1.9526823        98.7202169
 -1.29750   0.549    1.9517925        99.0374043
 -1.29500   0.549    1.9508687        99.3652279
 -1.29250   0.549    1.9499091        99.7042177
 -1.29000   0.549    1.9489119       100.0549422
 -1.28750   0.549    1.9478752       100.4180118
 -1.28500   0.549    1.9467969       100.7940827
 -1.28250   0.549    1.9456747       101.1838607
 -1.28000   0.549    1.9445065       101.5881070
 -1.27750   0.549    1.9432895       102.0076428
 -1.27500   0.549    1.9420213       102.4433566
 -1.27250   0.549    1.9406989       102.8962107
 -1.27000   0.549    1.9393193       103.3672499
 -1.26750   0.549    1.9378793       103.8576108
 -1.26500   0.549    1.9363754       104.3685328
 -1.26250   0.549    1.9348039       104.9013703
 -1.26000   0.549    1.9331608       105.4576085
 -1.25750   0.549    1.9314417       106.0388790
 -1.25500   0.549    1.9296422       106.6469806
 -1.25250   0.549    1.9277572       107.2839023
 -1.25000   0.549    1.9257813       107.9518513
 -1.24750   0.549    1.9237089       108.6532857
 -1.24500   0.549    1.9215337       109.3909538
 -1.24250   0.549    1.9192489       110.1679411
 -1.24000   0.549    1.9168472       110.9877279
 -1.23750   0.549    1.9143207       111.8542582
 -1.23500   0.549    1.9116607       112.7720255
 -1.23250   0.549    1.9088578       113.7461769
 -1.23000   0.549    1.9059016       114.7826468
 -1.22750   0.549    1.9027808       115.8883167
 -1.22500   0.549    1.8994830       117.0712274
 -1.22250   0.549    1.8959944       118.3408432
 -1.22000   0.549    1.8922997       119.7083949
 -1.21750   0.549    1.8883819       121.1873281
 -1.21500   0.549    1.8842218       122.7938929
 -1.21250   0.549    1.8797980       124.5479346
 -1.21000   0.549    1.8750858       126.4739585
 -1.20750   0.549    1.8700573       128.6025987
 -1.20500   0.549    1.8646796       130.9726607
 -1.20250   0.549    1.8589144       133.6340224
 -1.20000   0.549    1.8527158       136.6518254
 -1.19750   0.549    1.8460280       140.1126626
 -1.19500   0.549    1.8387815       144.1339211
 -1.19250   0.549    1.8308878       148.8782645
 -1.19000   0.549    1.8222308       154.5767446
 -1.18750   0.549    1.8126523       161.5669317
 -1.18500   0.549    1.8019288       170.3582776
 -1.18250   0.549    1.7897290       181.7492423
 -1.18000   0.549    1.7755363       197.0483139
 -1.17750   0.549    1.7584927       218.5178887
 -1.17500   0.549    1.7370688       250.3335650
 -1.17250   0.549    1.7082917       300.8521289
 -1.17000   0.549    1.6657471       388.5804509
 -1.16750   0.549    1.5937715       559.8926983
 -1.16500   0.549    1.4494509       945.8724791
 -1.16250   0.549    1.1347913      1866.5470541
 -1.16000   0.549    0.8836260      2696.5328095
 -1.15750   0.549    1.2449872      1625.8957912
 -1.15500   0.549    1.4794465       851.3365709
 -1.15250   0.549    1.5606363       533.8445035
 -1.15000   0.549    1.5848653       391.2661239
 -1.14750   0.549    1.5861737       318.7437851
 -1.14500   0.549    1.5765014       278.3610040
 -1.14250   0.549    1.5606140       254.5475421
 -1.14000   0.549    1.5406503       240.1001818
 -1.13750   0.549    1.5176798       231.3460352
 -1.13500   0.549    1.4922886       226.2581270
 -1.13250   0.549    1.4648393       223.6408141
 -1.13000   0.549    1.4355938       222.7458673
 -1.12750   0.549    1.4047792       223.0780178
 -1.12500   0.549    1.3726248       224.2903720
 -1.12250   0.549    1.3393868       226.1252955
 -1.12000   0.549    1.3053630       228.3796972
 -1.11750   0.549    1.2709029       230.8841731
 -1.11500   0.549    1.2364114       233.4905075
 -1.11250   0.549    1.2023477       236.0645315
 -1.11000   0.549    1.1692184       238.4826402
 -1.10750   0.549    1.1375637       240.6309076
 -1.10500   0.549    1.1079389       242.4060540
 -1.10250   0.549    1.0808903       243.7176386
 -1.10000   0.549    1.0569276       244.4908818
 -1.09750   0.549    1.0364961       244.6696816
 -1.09500   0.549    1.0199501       244.2181895
 -1.09250   0.549    1.0075323       243.1237176
 -1.09000   0.549    0.9993600       241.3952653
 -1.08750   0.549    0.9954198       239.0629469
 -1.08500   0.549    0.9955734       236.1751807
 -1.08250   0.549    0.9995700       232.7950011
 -1.08000   0.549    1.0070666       228.9957460
 -1.07750   0.549    1.0176515       224.8565646
 -1.07500   0.549    1.0308696       220.4581681
 -1.07250   0.549    1.0462465       215.8791376
 -1.07000   0.549    1.0633097       211.1929966
 -1.06750   0.549    1.0816054       206.4661242
 -1.06500   0.549    1.1007115       201.7564853
 -1.06250   0.549    1.1202456       197.1130785
 -1.06000   0.549    1.1398688       192.5759626
 -1.05750   0.549    1.1592877       188.1767109
 -1.05500   0.549    1.1782517       183.9391496
 -1.05250   0.549    1.1965507       179.8802518
 -1.05000   0.549    1.2140103       176.0111001
 -1.04750   0.549    1.2304868       172.3378310
 -1.04500   0.549    1.2458619       168.8625262
 -1.04250   0.549    1.2600375       165.5840133
 -1.04000   0.549    1.2729308       162.4985639
 -1.03750   0.549    1.2844685       159.6004848
 -1.03500   0.549    1.2945825       156.8826040
 -1.03250   0.549    1.3032049       154.3366578
 -1.03000   0.549    1.3102624       151.9535841
 -1.02750   0.549    1.3156710       149.7237303
 -1.02500   0.549    1.3193291       147.6369759
 -1.02250   0.549    1.3211089       145.6827711
 -1.02000   0.549    1.3208453       143.8500704
 -1.01750   0.549    1.3183195       142.1271460
 -1.01500   0.549    1.3132345       140.5012067
 -1.01250   0.549    1.3051755       138.9577042
 -1.01000   0.549    1.2935416       137.4790523
 -1.00750   0.549    1.2774171       136.0421162
 -1.00500   0.549    1.2552982       134.6127500
 -1.00250   0.549    1.2244109       133.1317637
 -1.00000   0.549    1.1784390       131.4670139
 -0.99750   0.549    1.0927152       129.0906743
 -0.99500   0.549    0.9852242       126.7187420
 -0.99250   0.549    0.9841469       126.9269845
 -0.99000   0.549    0.9833133       127.1066847
 -0.98750   0.549    0.9825490       127.2629421
 -0.98500   0.549    0.9818078       127.4002226
 -0.98250   0.549    0.9810686       127.5217052
 -0.98000   0.549    0.9803188       127.6297407
 -0.97750   0.549    0.9795495       127.7261573
 -0.97500   0.549    0.9787538       127.8124463
 -0.97250   0.549    0.9779258       127.8898787
 -0.97000   0.549    0.9770598       127.9595800
 -0.96750   0.549    0.9761506       128.0225812
 -0.96500   0.549    0.9751928       128.0798538
 -0.96250   0.549    0.9741809       128.1323340
 -0.96000   0.549    0.9731092       128.1809410
 -0.95750   0.549    0.9719715       128.2265896
 -0.95500   0.549    0.9707615       128.2701998
 -0.95250   0.549    0.9694719       128.3127037
 -0.95000   0.549    0.9680952       128.3550512
 -0.94750   0.549    0.9666229       128.3982139
 -0.94500   0.549    0.9650459       128.4431882
 -0.94250   0.549    0.9633540       128.4909978
 -0.94000   0.549    0.9615360       128.5426965
 -0.93750   0.549    0.9595794       128.5993694
 -0.93500   0.549    0.9574704       128.6621357
 -0.93250   0.549    0.9551933       128.7321505
 -0.93000   0.549    0.9527307       128.8106075
 -0.92750   0.549    0.9500629       128.8987422
 -0.92500   0.549    0.9471676       128.9978352
 -0.92250   0.549    0.9440197       129.1092171
 -0.92000   0.549    0.9405901       129.2342743
 -0.91750   0.549    0.9368458       129.3744559
 -0.91500   0.549    0.9327487       129.5312824
 -0.91250   0.549    0.9282546       129.7063571
 -0.91000   0.549    0.9233120       129.9013800
 -0.90750   0.549    0.9178604       130.1181651
 -0.90500   0.549    0.9118285       130.3586616
 -0.90250   0.549    0.9051310       130.6249844
 -0.90000   0.549    0.8976658       130.9194478
 -0.89750   0.549    0.8893085       131.2446145
 -0.89500   0.549    0.8799065       131.6033578
 -0.89250   0.549    0.8692699       131.9989458
 -0.89000   0.549    0.8571588       132.4351579
 -0.88750   0.549    0.8432648       132.9164488
 -0.88500   0.549    0.8271832       133.4481862
 -0.88250   0.549    0.8083693       134.0370110
 -0.88000   0.549    0.7860670       134.6914029
 -0.87750   0.549    0.7591854       135.4226249
 -0.87500   0.549    0.7260687       136.2464147
 -0.87250   0.549    0.6840227       137.1863216
 -0.87000   0.549    0.6281973       138.2812560
 -0.86750   0.549    0.5483040       139.6066535
 -0.86500   0.549    0.4139913       141.3636123
 -0.86250   0.549    0.0023966       140.3725099
 -0.86000   0.549    0.0006932       133.6964453
 -0.85750   0.549    0.0004308       129.9381044
 -0.85500   0.549    0.0003120       127.0513715
 -0.85250   0.549    0.0002426       124.6335209
 -0.85000   0.549    0.0001967       122.5192742
 -0.84750   0.549    0.0001640       120.6219567
 -0.84500   0.549    0.0001395       118.8896101
 -0.84250   0.549    0.0001205       117.2882986
 -0.84000   0.549    0.0001053       115.7944846
 -0.83750   0.549    0.0000930       114.3910964
 -0.83500   0.549    0.0000828       113.0653159
 -0.83250   0.549    0.0000741       111.8072476
 -0.83000   0.549    0.0000668       110.6090763
 -0.82750   0.549    0.0000605       109.4645102
 -0.82500   0.549    0.0000551       108.3684012
 -0.82250   0.549    0.0000503       107.3164766
 -0.82000   0.549    0.0000462       106.3051464
 -0.81750   0.549    0.0000425       105.3313608
 -0.81500   0.549    0.0000392       104.3925039
 -0.81250   0.549    0.0000362       103.4863119
 -0.81000   0.549    0.0000336       102.6108104
 -0.80750   0.549    0.0000312       101.7642651
 -0.80500   0.549    0.0000291       100.9451423
 -0.80250   0.549    0.0000271       100.1520781
 -0.80000   0.549    0.0000254        99.3838526
 -0.79750   0.549    0.0000238        98.6393693
 -0.79500   0.549    0.0000223        97.9176385
 -0.79250   0.549    0.0000209        97.2177623
 -0.79000   0.549    0.0000197        96.5389237
 -0.78750   0.549    0.0000185        95.8803760
 -0.78500   0.549    0.0000175        95.2414347
 -0.78250   0.549    0.0000165        94.6214703
 -0.78000   0.549    0.0000156        94.0199021
 -0.77750   0.549    0.0000148        93.4361929
 -0.77500   0.549    0.0000140        92.8698445
 -0.77250   0.549    0.0000132        92.3203935
 -0.77000   0.549    0.0000126        91.7874077
 -0.76750   0.549    0.0000119        91.2704836
 -0.76500   0.549    0.0000113        90.7692428
 -0.76250   0.549    0.0000108        90.2833210
 -0.76000   0.549    0.0000103        89.8124114
 -0.75750   0.549    0.0000098        89.3561711
 -0.75500   0.549    0.0000093        88.9143109
 -0.75250   0.549    0.0000089        88.4865482
 -0.75000   0.549    0.0000085        88.0726143
 -0.74750   0.549    0.0000081        87.6722534
 -0.74500   0.549    0.0000078        87.2852204
 -0.74250   0.549    0.0000074        86.9112819
 -0.74000   0.549    0.0000071        86.5502129
 -0.73750   0.549    0.0000068        86.2017972
 -0.73500   0.549    0.0000065        85.8658258
 -0.73250   0.549    0.0000062        85.5420966
 -0.73000   0.549    0.0000060        85.2304134
 -0.72750   0.549    0.0000057        84.9305851
 -0.72500   0.549    0.0000055        84.6424251
 -0.72250   0.549    0.0000053        84.3657509
 -0.72000   0.549    0.0000051        84.1003831
 -0.71750   0.549    0.0000049        83.8461452
 -0.71500   0.549    0.0000047        83.6028629
 -0.71250   0.549    0.0000045        83.3703638
 -0.71000   0.549    0.0000043        83.1484767
 -0.70750   0.549    0.0000042        82.9370312
 -0.70500   0.549    0.0000040        82.7358576
 -0.70250   0.549    0.0000039        82.5447862
 -0.70000   0.549    0.0000037        82.3636469
 -0.69750   0.549    0.0000036        82.1922694
 -0.69500   0.549    0.0000035        82.0304820
 -0.69250   0.549    0.0000034        81.8781122
 -0.69000   0.549    0.0000032        81.7349859
 -0.68750   0.549    0.0000031        81.6009270
 -0.68500   0.549    0.0000030        81.4757578
 -0.68250   0.549    0.0000029        81.3592979
 -0.68000   0.549    0.0000028        81.2513649
 -0.67750   0.549    0.0000027        81.1517733
 -0.67500   0.549    0.0000026        81.0603349
 -0.67250   0.549    0.0000025        80.9768584
 -0.67000   0.549    0.0000025        80.9011493
 -0.66750   0.549    0.0000024        80.8330096
 -0.66500   0.549    0.0000023        80.7722378
 -0.66250   0.549    0.0000022        80.7186284
 -0.66000   0.549    0.0000022        80.6719724
 -0.65750   0.549    0.0000021        80.6320564
 -0.65500   0.549    0.0000020        80.5986632
 -0.65250   0.549    0.0000020        80.5715710
 -0.65000   0.549    0.0000019        80.5505537
 -0.64750   0.549    0.0000018        80.5353807
 -0.64500   0.549    0.0000018        80.5258169
 -0.64250   0.549    0.0000017        80.5216221
 -0.64000   0.549    0.0000017        80.5225515
 -0.63750   0.549    0.0000016        80.5283553
 -0.63500   0.549    0.0000016        80.5387786
 -0.63250   0.549    0.0000015        80.5535612
 -0.63000   0.549    0.0000015        80.5724378
 -0.62750   0.549    0.0000014        80.5951375
 -0.62500   0.549    0.0000014        80.6213841
 -0.62250   0.549    0.0000014        80.6508956
 -0.62000   0.549    0.0000013        80.6833844
 -0.61750   0.549    0.0000013        80.7185569
 -0.61500   0.549    0.0000012        80.7561135
 -0.61250   0.549    0.0000012        80.7957488
 -0.61000   0.549    0.0000012        80.8371508
 -0.60750   0.549    0.0000011        80.8800010
 -0.60500   0.549    0.0000011        80.9239746
 -0.60250   0.549    0.0000011        80.9687400
 -0.60000   0.549    0.0000010        81.0139586
 -0.59750   0.549    0.0000010        81.0592847
 -0.59500   0.549    0.0000010        81.1043653
 -0.59250   0.549    0.0000010        81.1488397
 -0.59000   0.549    0.0000009        81.1923395
 -0.58750   0.549    0.0000009        81.2344882
 -0.58500   0.549    0.0000009        81.2749009
 -0.58250   0.549    0.0000009        81.3131840
 -0.58000   0.549    0.0000008        81.3489348
 -0.57750   0.549    0.0000008        81.3817412
 -0.57500   0.549    0.0000008        81.4111812
 -0.57250   0.549    0.0000008        81.4368226
 -0.57000   0.549    0.0000008        81.4582222
 -0.56750   0.549    0.0000007        81.4749256
 -0.56500   0.549    0.0000007        81.4864663
 -0.56250   0.549    0.0000007        81.4923651
 -0.56000   0.549    0.0000007        81.4921296
 -0.55750   0.549    0.0000007        81.4852531
 -0.55500   0.549    0.0000006        81.4712137
 -0.55250   0.549    0.0000006        81.4494734
 -0.55000   0.549    0.0000006        81.4194771
 -0.54750   0.549    0.0000006        81.3806513
 -0.54500   0.549    0.0000006        81.3324023
 -0.54250   0.549    0.0000006        81.2741155
 -0.54000   0.549    0.0000005        81.2051527
 -0.53750   0.549    0.0000005        81.1248511
 -0.53500   0.549    0.0000005        81.0325205
 -0.53250   0.549    0.0000005        80.9273548
 -0.53000   0.549    0.0000005        80.8088599
 -0.52750   0.549    0.0000005        80.6759897
 -0.52500   0.549    0.0000005        80.5280029
 -0.52250   0.549    0.0000004        80.3640288
 -0.52000   0.549    0.0000004        80.1831487
 -0.51750   0.549    0.0000004        79.9843900
 -0.51500   0.549    0.0000004        79.7667202
 -0.51250   0.549    0.0000004        79.5290394
 -0.51000   0.549    0.0000004        79.2701712
 -0.50750   0.549    0.0000004        78.9888531
 -0.50500   0.549    0.0000004        78.6837236
 -0.50250   0.549    0.0000004        78.3533081
 -0.50000   0.549    0.0000003        77.9960010
 -0.49750   0.549    0.0000003        77.6100443
 -0.49500   0.549    0.0000003        77.1935018
 -0.49250   0.549    0.0000003        76.7442263
 -0.49000   0.549    0.0000003        76.2598190
 -0.48750   0.549    0.0000003        75.7375785
 -0.48500   0.549    0.0000003        75.1835983
 -0.48250   0.549    0.0000003        74.5668616
 -0.48000   0.549    0.0000003        73.9107657
 -0.47750   0.549    0.0000002        73.2013294
 -0.47500   0.549    0.0000002        72.4327987
 -0.47250   0.549    0.0000002        71.5981801
 -0.47000   0.549    0.0000002        70.6888073
 -0.46750   0.549    0.0000002        69.6936228
 -0.46500   0.549    0.0000002        68.5982037
 -0.46250   0.549    0.0000002        67.3828843
 -0.46000   0.549    0.0000002        66.0195912
 -0.45750   0.549    0.0000002        64.4654967
 -0.45500   0.549    0.0000002        62.6487419
 -0.45250   0.549    0.0000001        60.4290246
 -0.45000   0.549    0.0000001        57.4393304
 -0.44750   0.549    0.0000001        50.3944042
 -0.44500   0.549    0.0000001        50.3619425
 -0.44250   0.549    0.0000001        50.3673787
 -0.44000   0.549    0.0000001        50.3637678
 -0.43750   0.549    0.0000001        50.3491576
 -0.43500   0.549    0.0000001        50.3227038
 -0.43250   0.549    0.0000001        50.2837883
 -0.43000   0.549    0.0000001        50.2318589
 -0.42750   0.549    0.0000001        50.1663815
 -0.42500   0.549    0.0000001        50.0868219
 -0.42250   0.549    0.0000001        49.9926368
 -0.42000   0.549    0.0000001        49.8832686
 -0.41750   0.549    0.0000001        49.7581420
 -0.41500   0.549    0.0000001        49.6166608
 -0.41250   0.549    0.0000001        49.4582054
 -0.41000   0.549    0.0000001        49.2821301
 -0.40750   0.549    0.0000001        49.0877606
 -0.40500   0.549    0.0000001        48.8743904
 -0.40250   0.549    0.0000001        48.6412783
 -0.40000   0.549    0.0000001        48.3876441
 -0.39750   0.549    0.0000001        48.1126652
 -0.39500   0.549    0.0000001        47.8154716
 -0.39250   0.549    0.0000001        47.4951410
 -0.39000   0.549    0.0000000        47.1506927
 -0.38750   0.549    0.0000000        46.7810813
 -0.38500   0.549    0.0000000        46.3851882
 -0.38250   0.549    0.0000000        45.9618137
 -0.38000   0.549    0.0000000        45.5096656
 -0.37750   0.549    0.0000000        45.0273476
 -0.37500   0.549    0.0000000        44.5133452
 -0.37250   0.549    0.0000000        43.9660080
 -0.37000   0.549    0.0000000        43.3835304
 -0.36750   0.549    0.0000000        42.7639271
 -0.36500   0.549    0.0000000        42.1050037
 -0.36250   0.549    0.0000000        41.4043213
 -0.36000   0.549    0.0000000        40.6591527
 -0.35750   0.549    0.0000000        39.8664274
 -0.35500   0.549    0.0000000        39.0226629
 -0.35250   0.549    0.0000000        38.1238772
 -0.35000   0.549    0.0000000        37.1654750
 -0.34750   0.549    0.0000000        36.1420988
 -0.34500   0.549    0.0000000        35.0474288
 -0.34250   0.549    0.0000000        33.8739104
 -0.34000   0.549    0.0000000        32.6123714
 -0.33750   0.549    0.0000000        31.2514713
 -0.33500   0.549    0.0000000        29.7768820
 -0.33250   0.549    0.0000000        28.1700160
 -0.33000   0.549    0.0000000        26.4059569
 -0.32750   0.549    0.0000000        24.4498723
 -0.32500   0.549    0.0000000        22.2502713
 -0.32250   0.549    0.0000000        19.7248429
 -0.32000   0.549    0.0000000        16.7254462
 -0.31750   0.549    0.0000000        12.9246272
 -0.31500   0.549    0.0000000         7.1367652
 -0.31250   0.549    0.0000000         0.0360341
 -0.31000   0.549    0.0000000         0.0247523
 -0.30750   0.549    0.0000000         0.0210752
 -0.30500   0.549    0.0000000         0.0191089
 -0.30250   0.549    0.0000000         0.0178465
 -0.30000   0.549    0.0000000         0.0169524
 -0.29750   0.549    0.0000000         0.0162788
 -0.29500   0.549    0.0000000         0.0157492
 -0.29250   0.549    0.0000000         0.0153196
 -0.29000   0.549    0.0000000         0.0149627
 -0.28750   0.549    0.0000000         0.0146606
 -0.28500   0.549    0.0000000         0.0144009
 -0.28250   0.549    0.0000000         0.0141748
 -0.28000   0.549    0.0000000         0.0139759
 -0.27750   0.549    0.0000000         0.0137993
 -0.27500   0.549    0.0000000         0.0136413
 -0.27250   0.549    0.0000000         0.0134990
 -0.27000   0.549    0.0000000         0.0133700
 -0.26750   0.549    0.0000000         0.0132525
 -0.26500   0.549    0.0000000         0.0131450
 -0.26250   0.549    0.0000000         0.0130461
 -0.26000   0.549    0.0000000         0.0129549
 -0.25750   0.549    0.0000000         0.0128704
 -0.25500   0.549    0.0000000         0.0127920
 -0.25250   0.549    0.0000000         0.0127190
 -0.25000   0.549    0.0000000         0.0126508
 -0.24750   0.549    0.0000000         0.0125870
 -0.24500   0.549    0.0000000         0.0125271
 -0.24250   0.549    0.0000000         0.0124709
 -0.24000   0.549    0.0000000         0.0124179
 -0.23750   0.549    0.0000000         0.0123680
 -0.23500   0.549    0.0000000         0.0123208
 -0.23250   0.549    0.0000000         0.0122761
 -0.23000   0.549    0.0000000         0.0122338
 -0.22750   0.549    0.0000000         0.0121937
 -0.22500   0.549    0.0000000         0.0121556
 -0.22250   0.549    0.0000000         0.0121194
 -0.22000   0.549    0.0000000         0.0120850
 -0.21750   0.549    0.0000000         0.0120521
 -0.21500   0.549    0.0000000         0.0120208
 -0.21250   0.549    0.0000000         0.0119910
 -0.21000   0.549    0.0000000         0.0119625
 -0.20750   0.549    0.0000000         0.0119352
 -0.20500   0.549    0.0000000         0.0119092
 -0.20250   0.549    0.0000000         0.0118843
 -0.20000   0.549    0.0000000         0.0118604
 -0.19750   0.549    0.0000000         0.0118376
 -0.19500   0.549    0.0000000         0.0118157
 -0.19250   0.549    0.0000000         0.0117947
 -0.19000   0.549    0.0000000         0.0117746
 -0.18750   0.549    0.0000000         0.0117553
 -0.18500   0.549    0.0000000         0.0117368
 -0.18250   0.549    0.0000000         0.0117190
 -0.18000   0.549    0.0000000         0.0117020
 -0.17750   0.549    0.0000000         0.0116856
 -0.17500   0.549    0.0000000         0.0116699
 -0.17250   0.549    0.0000000         0.0116548
 -0.17000   0.549    0.0000000         0.0116403
 -0.16750   0.549    0.0000000         0.0116264
 -0.16500   0.549    0.0000000         0.0116130
 -0.16250   0.549    0.0000000         0.0116001
 -0.16000   0.549    0.0000000         0.0115878
 -0.15750   0.549    0.0000000         0.0115760
 -0.15500   0.549    0.0000000         0.0115646
 -0.15250   0.549    0.0000000         0.0115537
 -0.15000   0.549    0.0000000         0.0115432
 -0.14750   0.549    0.0000000         0.0115332
 -0.14500   0.549    0.0000000         0.0115236
 -0.14250   0.549    0.0000000         0.0115143
 -0.14000   0.549    0.0000000         0.0115055
 -0.13750   0.549    0.0000000         0.0114970
 -0.13500   0.549    0.0000000         0.0114890
 -0.13250   0.549    0.0000000         0.0114812
 -0.13000   0.549    0.0000000         0.0114738
 -0.12750   0.549    0.0000000         0.0114668
 -0.12500   0.549    0.0000000         0.0114600
 -0.12250   0.549    0.0000000         0.0114536
 -0.12000   0.549    0.0000000         0.0114475
 -0.11750   0.549    0.0000000         0.0114417
 -0.11500   0.549    0.0000000         0.0114362
 -0.11250   0.549    0.0000000         0.0114310
 -0.11000   0.549    0.0000000         0.0114260
 -0.10750   0.549    0.0000000         0.0114214
 -0.10500   0.549    0.0000000         0.0114170
 -0.10250   0.549    0.0000000         0.0114129
 -0.10000   0.549    0.0000000         0.0114090
 -0.09750   0.549    0.0000000         0.0114054
 -0.09500   0.549    0.0000000         0.0114020
 -0.09250   0.549    0.0000000         0.0113989
 -0.09000   0.549    0.0000000         0.0113961
 -0.08750   0.549    0.0000000         0.0113934
 -0.08500   0.549    0.0000000         0.0113910
 -0.08250   0.549    0.0000000         0.0113889
 -0.08000   0.549    0.0000000         0.0113869
 -0.07750   0.549    0.0000000         0.0113852
 -0.07500   0.549    0.0000000         0.0113837
 -0.07250   0.549    0.0000000         0.0113825
 -0.07000   0.549    0.0000000         0.0113814
 -0.06750   0.549    0.0000000         0.0113806
 -0.06500   0.549    0.0000000         0.0113800
 -0.06250   0.549    0.0000000         0.0113795
 -0.06000   0.549    0.0000000         0.0113793
 -0.05750   0.549    0.0000000         0.0113793
 -0.05500   0.549    0.0000000         0.0113795
 -0.05250   0.549    0.0000000         0.0113800
 -0.05000   0.549    0.0000000         0.0113806
 -0.04750   0.549    0.0000000         0.0113814
 -0.04500   0.549    0.0000000         0.0113824
 -0.04250   0.549    0.0000000         0.0113836
 -0.04000   0.549    0.0000000         0.0113850
 -0.03750   0.549    0.0000000         0.0113867
 -0.03500   0.549    0.0000000         0.0113885
 -0.03250   0.549    0.0000000         0.0113905
 -0.03000   0.549    0.0000000         0.0113927
 -0.02750   0.549    0.0000000         0.0113951
 -0.02500   0.549    0.0000000         0.0113977
 -0.02250   0.549    0.0000000         0.0114005
 -0.02000   0.549    0.0000000         0.0114035
 -0.01750   0.549    0.0000000         0.0114067
 -0.01500   0.549    0.0000000         0.0114101
 -0.01250   0.549    0.0000000         0.0114138
 -0.01000   0.549    0.0000000         0.0114176
 -0.00750   0.549    0.0000000         0.0114216
 -0.00500   0.549    0.0000000         0.0114258
 -0.00250   0.549    0.0000000         0.0114302
  0.00000   0.549    0.0000000         0.0114348
