 -2.00000   0.55    2.5215553       363.4233981
 -1.99750   0.55    2.5070931       366.3016927
 -1.99500   0.55    2.4930439       369.0763418
 -1.99250   0.55    2.4794948       371.7220359
 -1.99000   0.55    2.4665359       374.2217175
 -1.98750   0.55    2.4542500       376.5605173
 -1.98500   0.55    2.4427110       378.7266669
 -1.98250   0.55    2.4319809       380.7119995
 -1.98000   0.55    2.4221085       382.5122850
 -1.97750   0.55    2.4131274       384.1273961
 -1.97500   0.55    2.4050547       385.5612992
 -1.97250   0.55    2.3978909       386.8218580
 -1.97000   0.55    2.3916194       387.9204677
 -1.96750   0.55    2.3862076       388.8715338
 -1.96500   0.55    2.3816077       389.6918241
 -1.96250   0.55    2.3777584       390.3997297
 -1.96000   0.55    2.3745869       391.0144711
 -1.95750   0.55    2.3720110       391.5552870
 -1.95500   0.55    2.3699416       392.0406402
 -1.95250   0.55    2.3682847       392.4874689
 -1.95000   0.55    2.3669444       392.9104803
 -1.94750   0.55    2.3658243       393.3217172
 -1.94500   0.55    2.3648302       393.7297361
 -1.94250   0.55    2.3638716       394.1395452
 -1.94000   0.55    2.3628630       394.5521452
 -1.93750   0.55    2.3617255       394.9643725
 -1.93500   0.55    2.3603873       395.3688065
 -1.93250   0.55    2.3587846       395.7537641
 -1.93000   0.55    2.3568612       396.1034034
 -1.92750   0.55    2.3545681       396.3978859
 -1.92500   0.55    2.3518620       396.6136355
 -1.92250   0.55    2.3487034       396.7236474
 -1.92000   0.55    2.3450527       396.6978254
 -1.91750   0.55    2.3408656       396.5032990
 -1.91500   0.55    2.3360859       396.1046019
 -1.91250   0.55    2.3306358       395.4635574
 -1.91000   0.55    2.3244035       394.5385973
 -1.90750   0.55    2.3172252       393.2829330
 -1.90500   0.55    2.3088604       391.6405961
 -1.90250   0.55    2.2989556       389.5379725
 -1.90000   0.55    2.2869868       386.8646515
 -1.89750   0.55    2.2721590       383.4228216
 -1.89500   0.55    2.2532082       378.7521978
 -1.89250   0.55    2.2275112       369.9220529
 -1.89000   0.55    2.1943384       365.6479775
 -1.88750   0.55    2.1426197       363.5304343
 -1.88500   0.55    2.0326083       359.6576564
 -1.88250   0.55    1.9222946       352.5064155
 -1.88000   0.55    1.9238703       351.3479782
 -1.87750   0.55    1.9253338       350.6805225
 -1.87500   0.55    1.9267251       350.1374235
 -1.87250   0.55    1.9280738       349.5851820
 -1.87000   0.55    1.9293969       348.9565268
 -1.86750   0.55    1.9307035       348.2140395
 -1.86500   0.55    1.9319982       347.3380223
 -1.86250   0.55    1.9332827       346.3215957
 -1.86000   0.55    1.9345570       345.1685551
 -1.85750   0.55    1.9358198       343.8925476
 -1.85500   0.55    1.9370690       342.5165630
 -1.85250   0.55    1.9383021       341.0737487
 -1.85000   0.55    1.9395166       339.6072748
 -1.84750   0.55    1.9407097       338.1716062
 -1.84500   0.55    1.9418789       336.8338470
 -1.84250   0.55    1.9430211       335.6696232
 -1.84000   0.55    1.9441347       334.7816011
 -1.83750   0.55    1.9452171       334.2773662
 -1.83500   0.55    1.9462660       334.2896405
 -1.83250   0.55    1.9472794       334.9726412
 -1.83000   0.55    1.9482552       336.5062986
 -1.82750   0.55    1.9491913       339.1001688
 -1.82500   0.55    1.9500856       342.9979370
 -1.82250   0.55    1.9509358       348.4827222
 -1.82000   0.55    1.9517394       355.8829844
 -1.81750   0.55    1.9524937       365.5791051
 -1.81500   0.55    1.9531953       378.0102498
 -1.81250   0.55    1.9538405       393.6808671
 -1.81000   0.55    1.9544249       413.1652093
 -1.80750   0.55    1.9549422       437.1064722
 -1.80500   0.55    1.9553903       466.2037002
 -1.80250   0.55    1.9557556       501.1692102
 -1.80000   0.55    1.9560314       542.6234237
 -1.79750   0.55    1.9562058       590.8366854
 -1.79500   0.55    1.9562644       645.0902486
 -1.79250   0.55    1.9561897       701.9620090
 -1.79000   0.55    1.9559613       749.9726455
 -1.78750   0.55    1.9555580       746.6324954
 -1.78500   0.55    1.9551646       207.7821501
 -1.78250   0.55    1.9546317       190.2937847
 -1.78000   0.55    1.9533050       188.7123257
 -1.77750   0.55    1.9514762       189.8525337
 -1.77500   0.55    1.9490605       192.8487190
 -1.77250   0.55    1.9458930       197.6351243
 -1.77000   0.55    1.9417256       204.4625410
 -1.76750   0.55    1.9361934       213.8415787
 -1.76500   0.55    1.9287513       226.6049134
 -1.76250   0.55    1.9185632       244.0639510
 -1.76000   0.55    1.9043049       268.3044804
 -1.75750   0.55    1.8838028       302.7323521
 -1.75500   0.55    1.8533508       353.0957023
 -1.75250   0.55    1.8063974       429.4105211
 -1.75000   0.55    1.7311304       549.3870240
 -1.74750   0.55    1.6071181       742.7200076
 -1.74500   0.55    1.4082207      1044.3470851
 -1.74250   0.55    1.1506905      1418.1891343
 -1.74000   0.55    1.0098391      1591.2474174
 -1.73750   0.55    1.1445777      1348.1088465
 -1.73500   0.55    1.3831324       971.1647334
 -1.73250   0.55    1.5695679       688.2393542
 -1.73000   0.55    1.6902809       509.7554569
 -1.72750   0.55    1.7669790       398.7046391
 -1.72500   0.55    1.8171527       327.3925314
 -1.72250   0.55    1.8512908       279.6955156
 -1.72000   0.55    1.8754213       246.5225636
 -1.71750   0.55    1.8930680       222.6373772
 -1.71500   0.55    1.9063598       204.9156458
 -1.71250   0.55    1.9166299       191.4227798
 -1.71000   0.55    1.9247417       180.9182474
 -1.70750   0.55    1.9312724       172.5809153
 -1.70500   0.55    1.9366186       165.8516514
 -1.70250   0.55    1.9410596       160.3399477
 -1.70000   0.55    1.9447967       155.7668753
 -1.69750   0.55    1.9479775       151.9291368
 -1.69500   0.55    1.9507138       148.6759532
 -1.69250   0.55    1.9530871       145.8934379
 -1.69000   0.55    1.9551644       143.4945994
 -1.68750   0.55    1.9569955       141.4118767
 -1.68500   0.55    1.9586206       139.5922424
 -1.68250   0.55    1.9600716       137.9935970
 -1.68000   0.55    1.9613743       136.5821727
 -1.67750   0.55    1.9625498       135.3306269
 -1.67500   0.55    1.9636154       134.2166252
 -1.67250   0.55    1.9645854       133.2217746
 -1.67000   0.55    1.9654718       132.3308125
 -1.66750   0.55    1.9662847       131.5309833
 -1.66500   0.55    1.9670324       130.8115554
 -1.66250   0.55    1.9677224       130.1634431
 -1.66000   0.55    1.9683607       129.5789077
 -1.65750   0.55    1.9689526       129.0513212
 -1.65500   0.55    1.9695029       128.5749762
 -1.65250   0.55    1.9700154       128.1449325
 -1.65000   0.55    1.9704936       127.7568935
 -1.64750   0.55    1.9709407       127.4071046
 -1.64500   0.55    1.9713593       127.0922701
 -1.64250   0.55    1.9717517       126.8094843
 -1.64000   0.55    1.9721201       126.5561752
 -1.63750   0.55    1.9724663       126.3300562
 -1.63500   0.55    1.9727920       126.1290952
 -1.63250   0.55    1.9730987       125.9514369
 -1.63000   0.55    1.9733877       125.7954722
 -1.62750   0.55    1.9736602       125.6597001
 -1.62500   0.55    1.9739173       125.5427806
 -1.62250   0.55    1.9741600       125.4434935
 -1.62000   0.55    1.9743892       125.3607260
 -1.61750   0.55    1.9746057       125.2934598
 -1.61500   0.55    1.9748102       125.2407606
 -1.61250   0.55    1.9750033       125.2017675
 -1.61000   0.55    1.9751858       125.1756858
 -1.60750   0.55    1.9753581       125.1617786
 -1.60500   0.55    1.9755208       125.1593613
 -1.60250   0.55    1.9756743       125.1677953
 -1.60000   0.55    1.9758192       125.1864838
 -1.59750   0.55    1.9759556       125.2148669
 -1.59500   0.55    1.9760842       125.2524180
 -1.59250   0.55    1.9762051       125.2986405
 -1.59000   0.55    1.9763188       125.3530648
 -1.58750   0.55    1.9764255       125.4152458
 -1.58500   0.55    1.9765256       125.4847646
 -1.58250   0.55    1.9766186       125.5611887
 -1.58000   0.55    1.9767059       125.6441755
 -1.57750   0.55    1.9767872       125.7333310
 -1.57500   0.55    1.9768626       125.8283025
 -1.57250   0.55    1.9769323       125.9287478
 -1.57000   0.55    1.9769966       126.0343365
 -1.56750   0.55    1.9770556       126.1447489
 -1.56500   0.55    1.9771095       126.2596748
 -1.56250   0.55    1.9771583       126.3788128
 -1.56000   0.55    1.9772023       126.5018694
 -1.55750   0.55    1.9772416       126.6285582
 -1.55500   0.55    1.9772762       126.7585991
 -1.55250   0.55    1.9773063       126.8917176
 -1.55000   0.55    1.9773320       127.0276443
 -1.54750   0.55    1.9773533       127.1661143
 -1.54500   0.55    1.9773704       127.3068667
 -1.54250   0.55    1.9773833       127.4496437
 -1.54000   0.55    1.9773922       127.5941909
 -1.53750   0.55    1.9773969       127.7402562
 -1.53500   0.55    1.9773978       127.8875895
 -1.53250   0.55    1.9773947       128.0359425
 -1.53000   0.55    1.9773877       128.1850682
 -1.52750   0.55    1.9773769       128.3347208
 -1.52500   0.55    1.9773624       128.4846547
 -1.52250   0.55    1.9773441       128.6346248
 -1.52000   0.55    1.9773222       128.7843860
 -1.51750   0.55    1.9772965       128.9336929
 -1.51500   0.55    1.9772672       129.0822991
 -1.51250   0.55    1.9772343       129.2299575
 -1.51000   0.55    1.9771978       129.3764196
 -1.50750   0.55    1.9771576       129.5214355
 -1.50500   0.55    1.9771139       129.6647532
 -1.50250   0.55    1.9770667       129.8061185
 -1.50000   0.55    1.9770158       129.9452747
 -1.49750   0.55    1.9769614       130.0819625
 -1.49500   0.55    1.9769034       130.2159192
 -1.49250   0.55    1.9768418       130.3468786
 -1.49000   0.55    1.9767767       130.4745708
 -1.48750   0.55    1.9767079       130.5987219
 -1.48500   0.55    1.9766355       130.7190527
 -1.48250   0.55    1.9765595       130.8352801
 -1.48000   0.55    1.9764799       130.9471149
 -1.47750   0.55    1.9763965       131.0542624
 -1.47500   0.55    1.9763094       131.1564216
 -1.47250   0.55    1.9762186       131.2532848
 -1.47000   0.55    1.9761240       131.3445370
 -1.46750   0.55    1.9760256       131.4298557
 -1.46500   0.55    1.9759233       131.5089096
 -1.46250   0.55    1.9758171       131.5813588
 -1.46000   0.55    1.9757070       131.6468536
 -1.45750   0.55    1.9755928       131.7050337
 -1.45500   0.55    1.9754745       131.7555280
 -1.45250   0.55    1.9753522       131.7979530
 -1.45000   0.55    1.9752256       131.8319124
 -1.44750   0.55    1.9750947       131.8569957
 -1.44500   0.55    1.9749595       131.8727776
 -1.44250   0.55    1.9748199       131.8788162
 -1.44000   0.55    1.9746758       131.8746519
 -1.43750   0.55    1.9745271       131.8598059
 -1.43500   0.55    1.9743737       131.8337788
 -1.43250   0.55    1.9742155       131.7960483
 -1.43000   0.55    1.9740524       131.7460676
 -1.42750   0.55    1.9738844       131.6832628
 -1.42500   0.55    1.9737112       131.6070307
 -1.42250   0.55    1.9735328       131.5167358
 -1.42000   0.55    1.9733491       131.4117072
 -1.41750   0.55    1.9731599       131.2912347
 -1.41500   0.55    1.9729651       131.1545655
 -1.41250   0.55    1.9727646       131.0008981
 -1.41000   0.55    1.9725581       130.8293790
 -1.40750   0.55    1.9723456       130.6390949
 -1.40500   0.55    1.9721269       130.4290665
 -1.40250   0.55    1.9719017       130.1982407
 -1.40000   0.55    1.9716700       129.9454791
 -1.39750   0.55    1.9714315       129.6695509
 -1.39500   0.55    1.9711860       129.3691159
 -1.39250   0.55    1.9709334       129.0427113
 -1.39000   0.55    1.9706733       128.6887325
 -1.38750   0.55    1.9704057       128.3054115
 -1.38500   0.55    1.9701301       127.8907899
 -1.38250   0.55    1.9698465       127.4426861
 -1.38000   0.55    1.9695544       126.9586551
 -1.37750   0.55    1.9692537       126.4359383
 -1.37500   0.55    1.9689441       125.8713999
 -1.37250   0.55    1.9686251       125.2614457
 -1.37000   0.55    1.9682966       124.6019184
 -1.36750   0.55    1.9679582       123.8879582
 -1.36500   0.55    1.9676095       123.1138173
 -1.36250   0.55    1.9672502       122.2726040
 -1.36000   0.55    1.9668798       121.3559233
 -1.35750   0.55    1.9664979       120.3533566
 -1.35500   0.55    1.9661042       119.2516823
 -1.35250   0.55    1.9656980       118.0336577
 -1.35000   0.55    1.9652789       116.6760161
 -1.34750   0.55    1.9648464       115.1459532
 -1.34500   0.55    1.9643998       113.3944076
 -1.34250   0.55    1.9639385       111.3416051
 -1.34000   0.55    1.9634615       108.8399389
 -1.33750   0.55    1.9629677       105.5448449
 -1.33500   0.55    1.9624534        99.9309323
 -1.33250   0.55    1.9618422        95.4084962
 -1.33000   0.55    1.9612553        95.6146855
 -1.32750   0.55    1.9606592        95.8325443
 -1.32500   0.55    1.9600476        96.0583375
 -1.32250   0.55    1.9594178        96.2914326
 -1.32000   0.55    1.9587681        96.5317663
 -1.31750   0.55    1.9580969        96.7794658
 -1.31500   0.55    1.9574030        97.0347483
 -1.31250   0.55    1.9566851        97.2978839
 -1.31000   0.55    1.9559419        97.5691818
 -1.30750   0.55    1.9551721        97.8489833
 -1.30500   0.55    1.9543744        98.1376598
 -1.30250   0.55    1.9535472        98.4356122
 -1.30000   0.55    1.9526892        98.7432712
 -1.29750   0.55    1.9517989        99.0610991
 -1.29500   0.55    1.9508744        99.3895914
 -1.29250   0.55    1.9499141        99.7292796
 -1.29000   0.55    1.9489162       100.0807337
 -1.28750   0.55    1.9478787       100.4445658
 -1.28500   0.55    1.9467996       100.8214338
 -1.28250   0.55    1.9456765       101.2120458
 -1.28000   0.55    1.9445072       101.6171649
 -1.27750   0.55    1.9432891       102.0376150
 -1.27500   0.55    1.9420197       102.4742869
 -1.27250   0.55    1.9406960       102.9281458
 -1.27000   0.55    1.9393149       103.4002397
 -1.26750   0.55    1.9378734       103.8917085
 -1.26500   0.55    1.9363677       104.4037953
 -1.26250   0.55    1.9347943       104.9378589
 -1.26000   0.55    1.9331491       105.4953885
 -1.25750   0.55    1.9314279       106.0780209
 -1.25500   0.55    1.9296259       106.6875603
 -1.25250   0.55    1.9277382       107.3260018
 -1.25000   0.55    1.9257595       107.9955595
 -1.24750   0.55    1.9236839       108.6986989
 -1.24500   0.55    1.9215052       109.4381769
 -1.24250   0.55    1.9192167       110.2170888
 -1.24000   0.55    1.9168109       111.0389257
 -1.23750   0.55    1.9142800       111.9076444
 -1.23500   0.55    1.9116151       112.8277526
 -1.23250   0.55    1.9088069       113.8044147
 -1.23000   0.55    1.9058449       114.8435832
 -1.22750   0.55    1.9027178       115.9521639
 -1.22500   0.55    1.8994131       117.1382244
 -1.22250   0.55    1.8959169       118.4112616
 -1.22000   0.55    1.8922138       119.7825461
 -1.21750   0.55    1.8882868       121.2655716
 -1.21500   0.55    1.8841166       122.8766487
 -1.21250   0.55    1.8796817       124.6356975
 -1.21000   0.55    1.8749573       126.5673203
 -1.20750   0.55    1.8699153       128.7022754
 -1.20500   0.55    1.8645226       131.0795326
 -1.20250   0.55    1.8587407       133.7491897
 -1.20000   0.55    1.8525235       136.7766895
 -1.19750   0.55    1.8458147       140.2490478
 -1.19500   0.55    1.8385446       144.2842477
 -1.19250   0.55    1.8306240       149.0458451
 -1.19000   0.55    1.8219360       154.7662311
 -1.18750   0.55    1.8123214       161.7850776
 -1.18500   0.55    1.8015548       170.6152564
 -1.18250   0.55    1.7893026       182.0610397
 -1.18000   0.55    1.7750433       197.4413799
 -1.17750   0.55    1.7579112       219.0385792
 -1.17500   0.55    1.7363609       251.0692887
 -1.17250   0.55    1.7073856       301.9829949
 -1.17000   0.55    1.6644889       390.5206201
 -1.16750   0.55    1.5917837       563.7239253
 -1.16500   0.55    1.4457317       954.6677088
 -1.16250   0.55    1.1282247      1884.6916314
 -1.16000   0.55    0.8858323      2690.4266052
 -1.15750   0.55    1.2500923      1609.6677618
 -1.15500   0.55    1.4811412       844.8350963
 -1.15250   0.55    1.5609369       531.2762483
 -1.15000   0.55    1.5845938       390.1656907
 -1.14750   0.55    1.5856063       318.2736731
 -1.14500   0.55    1.5757009       278.1984795
 -1.14250   0.55    1.5597066       254.5578037
 -1.14000   0.55    1.5396170       240.2134341
 -1.13750   0.55    1.5165301       231.5258856
 -1.13500   0.55    1.4910297       226.4840075
 -1.13250   0.55    1.4634766       223.8996622
 -1.13000   0.55    1.4341331       223.0286646
 -1.12750   0.55    1.4032276       223.3778575
 -1.12500   0.55    1.3709921       224.6013823
 -1.12250   0.55    1.3376854       226.4420141
 -1.12000   0.55    1.3036090       228.6967074
 -1.11750   0.55    1.2691161       231.1959079
 -1.11500   0.55    1.2346155       233.7911743
 -1.11250   0.55    1.2005699       236.3481366
 -1.11000   0.55    1.1674887       238.7430977
 -1.10750   0.55    1.1359143       240.8622203
 -1.10500   0.55    1.1064027       242.6025506
 -1.10250   0.55    1.0794992       243.8742443
 -1.10000   0.55    1.0557107       244.6033947
 -1.09750   0.55    1.0354782       244.7348685
 -1.09500   0.55    1.0191499       244.2345476
 -1.09250   0.55    1.0069611       243.0908485
 -1.09000   0.55    0.9990212       241.3142156
 -1.08750   0.55    0.9953088       238.9361534
 -1.08500   0.55    0.9956779       236.0062425
 -1.08250   0.55    0.9998710       232.5884346
 -1.08000   0.55    1.0075399       228.7566888
 -1.07750   0.55    1.0182691       224.5905007
 -1.07500   0.55    1.0316014       220.1706443
 -1.07250   0.55    1.0470615       215.5755317
 -1.07000   0.55    1.0641773       210.8783354
 -1.06750   0.55    1.0824967       206.1449548
 -1.06500   0.55    1.1015994       201.4327977
 -1.06250   0.55    1.1211055       196.7902731
 -1.06000   0.55    1.1406788       192.2568535
 -1.05750   0.55    1.1600284       187.8635550
 -1.05500   0.55    1.1789061       183.6336906
 -1.05250   0.55    1.1971039       179.5837792
 -1.05000   0.55    1.2144491       175.7245052
 -1.04750   0.55    1.2307993       172.0616644
 -1.04500   0.55    1.2460372       168.5970531
 -1.04250   0.55    1.2600652       165.3292606
 -1.04000   0.55    1.2728001       162.2543617
 -1.03750   0.55    1.2841685       159.3664999
 -1.03500   0.55    1.2941010       156.6583662
 -1.03250   0.55    1.3025280       154.1215780
 -1.03000   0.55    1.3093738       151.7469646
 -1.02750   0.55    1.3145509       149.5247661
 -1.02500   0.55    1.3179528       147.4447450
 -1.02250   0.55    1.3194456       145.4962139
 -1.02000   0.55    1.3188548       143.6679444
 -1.01750   0.55    1.3159490       141.9479565
 -1.01500   0.55    1.3104122       140.3230844
 -1.01250   0.55    1.3018002       138.7781925
 -1.01000   0.55    1.2894643       137.2947112
 -1.00750   0.55    1.2724029       135.8477168
 -1.00500   0.55    1.2489403       134.3993990
 -1.00250   0.55    1.2158852       132.8815211
 -1.00000   0.55    1.1654871       131.1302525
 -0.99750   0.55    1.0576498       128.2688188
 -0.99500   0.55    0.9848968       126.7835612
 -0.99250   0.55    0.9839025       126.9889878
 -0.99000   0.55    0.9830879       127.1653951
 -0.98750   0.55    0.9823297       127.3188478
 -0.98500   0.55    0.9815893       127.4537496
 -0.98250   0.55    0.9808480       127.5731887
 -0.98000   0.55    0.9800940       127.6794478
 -0.97750   0.55    0.9793192       127.7743072
 -0.97500   0.55    0.9785168       127.8592246
 -0.97250   0.55    0.9776808       127.9354469
 -0.97000   0.55    0.9768059       128.0040827
 -0.96750   0.55    0.9758867       128.0661509
 -0.96500   0.55    0.9749179       128.1226143
 -0.96250   0.55    0.9738938       128.1744039
 -0.96000   0.55    0.9728087       128.2224351
 -0.95750   0.55    0.9716565       128.2676207
 -0.95500   0.55    0.9704305       128.3108802
 -0.95250   0.55    0.9691235       128.3531465
 -0.95000   0.55    0.9677278       128.3953707
 -0.94750   0.55    0.9662348       128.4385268
 -0.94500   0.55    0.9646351       128.4836141
 -0.94250   0.55    0.9629184       128.5316602
 -0.94000   0.55    0.9610731       128.5837230
 -0.93750   0.55    0.9590867       128.6409000
 -0.93500   0.55    0.9569448       128.7042945
 -0.93250   0.55    0.9546316       128.7750896
 -0.93000   0.55    0.9521291       128.8544791
 -0.92750   0.55    0.9494173       128.9437067
 -0.92500   0.55    0.9464731       129.0440623
 -0.92250   0.55    0.9432708       129.1568873
 -0.92000   0.55    0.9397807       129.2835801
 -0.91750   0.55    0.9359687       129.4256036
 -0.91500   0.55    0.9317955       129.5844946
 -0.91250   0.55    0.9272157       129.7618754
 -0.91000   0.55    0.9221761       129.9594678
 -0.90750   0.55    0.9166142       130.1791121
 -0.90500   0.55    0.9104562       130.4227893
 -0.90250   0.55    0.9036136       130.6926518
 -0.90000   0.55    0.8959804       130.9910608
 -0.89750   0.55    0.8874271       131.3206362
 -0.89500   0.55    0.8777945       131.6843239
 -0.89250   0.55    0.8668839       132.0854845
 -0.89000   0.55    0.8544434       132.5280028
 -0.88750   0.55    0.8401479       133.0165403
 -0.88500   0.55    0.8235689       133.5566396
 -0.88250   0.55    0.8041264       134.1552697
 -0.88000   0.55    0.7810097       134.8213735
 -0.87750   0.55    0.7530384       135.5669363
 -0.87500   0.55    0.7183989       136.4089065
 -0.87250   0.55    0.6740898       137.3730732
 -0.87000   0.55    0.6145647       138.5031501
 -0.86750   0.55    0.5274982       139.8877930
 -0.86500   0.55    0.3720381       141.7912458
 -0.86250   0.55    0.0015014       138.3664715
 -0.86000   0.55    0.0006171       132.8282110
 -0.85750   0.55    0.0004007       129.3090881
 -0.85500   0.55    0.0002955       126.5404673
 -0.85250   0.55    0.0002321       124.1960915
 -0.85000   0.55    0.0001894       122.1331081
 -0.84750   0.55    0.0001587       120.2741279
 -0.84500   0.55    0.0001354       118.5718239
 -0.84250   0.55    0.0001173       116.9948617
 -0.84000   0.55    0.0001027       115.5212914
 -0.83750   0.55    0.0000909       114.1350723
 -0.83500   0.55    0.0000810       112.8240879
 -0.83250   0.55    0.0000726       111.5789388
 -0.83000   0.55    0.0000656       110.3921715
 -0.82750   0.55    0.0000594       109.2577648
 -0.82500   0.55    0.0000541       108.1707775
 -0.82250   0.55    0.0000495       107.1270979
 -0.82000   0.55    0.0000454       106.1232635
 -0.81750   0.55    0.0000418       105.1563270
 -0.81500   0.55    0.0000386       104.2237557
 -0.81250   0.55    0.0000357       103.3233540
 -0.81000   0.55    0.0000331       102.4532046
 -0.80750   0.55    0.0000308       101.6116205
 -0.80500   0.55    0.0000287       100.7971085
 -0.80250   0.55    0.0000268       100.0083389
 -0.80000   0.55    0.0000251        99.2441211
 -0.79750   0.55    0.0000235        98.5033842
 -0.79500   0.55    0.0000220        97.7851603
 -0.79250   0.55    0.0000207        97.0885709
 -0.79000   0.55    0.0000195        96.4128158
 -0.78750   0.55    0.0000183        95.7571635
 -0.78500   0.55    0.0000173        95.1209426
 -0.78250   0.55    0.0000163        94.5035355
 -0.78000   0.55    0.0000154        93.9043721
 -0.77750   0.55    0.0000146        93.3229247
 -0.77500   0.55    0.0000138        92.7587037
 -0.77250   0.55    0.0000131        92.2112536
 -0.77000   0.55    0.0000125        91.6801493
 -0.76750   0.55    0.0000118        91.1649936
 -0.76500   0.55    0.0000112        90.6654143
 -0.76250   0.55    0.0000107        90.1810616
 -0.76000   0.55    0.0000102        89.7116062
 -0.75750   0.55    0.0000097        89.2567374
 -0.75500   0.55    0.0000093        88.8161614
 -0.75250   0.55    0.0000088        88.3895993
 -0.75000   0.55    0.0000084        87.9767863
 -0.74750   0.55    0.0000081        87.5774700
 -0.74500   0.55    0.0000077        87.1914092
 -0.74250   0.55    0.0000074        86.8183729
 -0.74000   0.55    0.0000070        86.4581394
 -0.73750   0.55    0.0000067        86.1104952
 -0.73500   0.55    0.0000065        85.7752339
 -0.73250   0.55    0.0000062        85.4521561
 -0.73000   0.55    0.0000059        85.1410678
 -0.72750   0.55    0.0000057        84.8417803
 -0.72500   0.55    0.0000055        84.5541092
 -0.72250   0.55    0.0000053        84.2778741
 -0.72000   0.55    0.0000051        84.0128976
 -0.71750   0.55    0.0000049        83.7590053
 -0.71500   0.55    0.0000047        83.5160243
 -0.71250   0.55    0.0000045        83.2837852
 -0.71000   0.55    0.0000043        83.0621174
 -0.70750   0.55    0.0000042        82.8508527
 -0.70500   0.55    0.0000040        82.6498231
 -0.70250   0.55    0.0000039        82.4588604
 -0.70000   0.55    0.0000037        82.2777965
 -0.69750   0.55    0.0000036        82.1064623
 -0.69500   0.55    0.0000035        81.9446879
 -0.69250   0.55    0.0000033        81.7923022
 -0.69000   0.55    0.0000032        81.6491327
 -0.68750   0.55    0.0000031        81.5150049
 -0.68500   0.55    0.0000030        81.3897424
 -0.68250   0.55    0.0000029        81.2731665
 -0.68000   0.55    0.0000028        81.1650960
 -0.67750   0.55    0.0000027        81.0653470
 -0.67500   0.55    0.0000026        80.9737329
 -0.67250   0.55    0.0000025        80.8900638
 -0.67000   0.55    0.0000024        80.8141465
 -0.66750   0.55    0.0000024        80.7457846
 -0.66500   0.55    0.0000023        80.6847780
 -0.66250   0.55    0.0000022        80.6309226
 -0.66000   0.55    0.0000021        80.5840110
 -0.65750   0.55    0.0000021        80.5438313
 -0.65500   0.55    0.0000020        80.5101677
 -0.65250   0.55    0.0000020        80.4827999
 -0.65000   0.55    0.0000019        80.4615035
 -0.64750   0.55    0.0000018        80.4460493
 -0.64500   0.55    0.0000018        80.4362036
 -0.64250   0.55    0.0000017        80.4317281
 -0.64000   0.55    0.0000017        80.4323794
 -0.63750   0.55    0.0000016        80.4379093
 -0.63500   0.55    0.0000016        80.4480646
 -0.63250   0.55    0.0000015        80.4625869
 -0.63000   0.55    0.0000015        80.4812123
 -0.62750   0.55    0.0000014        80.5036719
 -0.62500   0.55    0.0000014        80.5296912
 -0.62250   0.55    0.0000014        80.5589900
 -0.62000   0.55    0.0000013        80.5912825
 -0.61750   0.55    0.0000013        80.6262769
 -0.61500   0.55    0.0000012        80.6636758
 -0.61250   0.55    0.0000012        80.7031755
 -0.61000   0.55    0.0000012        80.7444660
 -0.60750   0.55    0.0000011        80.7872311
 -0.60500   0.55    0.0000011        80.8311480
 -0.60250   0.55    0.0000011        80.8758872
 -0.60000   0.55    0.0000010        80.9211125
 -0.59750   0.55    0.0000010        80.9664803
 -0.59500   0.55    0.0000010        81.0116401
 -0.59250   0.55    0.0000010        81.0562337
 -0.59000   0.55    0.0000009        81.1001169
 -0.58750   0.55    0.0000009        81.1422507
 -0.58500   0.55    0.0000009        81.1829180
 -0.58250   0.55    0.0000009        81.2215062
 -0.58000   0.55    0.0000008        81.2576157
 -0.57750   0.55    0.0000008        81.2908374
 -0.57500   0.55    0.0000008        81.3207523
 -0.57250   0.55    0.0000008        81.3469316
 -0.57000   0.55    0.0000007        81.3689356
 -0.56750   0.55    0.0000007        81.3863132
 -0.56500   0.55    0.0000007        81.3986019
 -0.56250   0.55    0.0000007        81.4053263
 -0.56000   0.55    0.0000007        81.4059982
 -0.55750   0.55    0.0000007        81.4001151
 -0.55500   0.55    0.0000006        81.3871598
 -0.55250   0.55    0.0000006        81.3665992
 -0.55000   0.55    0.0000006        81.3378832
 -0.54750   0.55    0.0000006        81.3004435
 -0.54500   0.55    0.0000006        81.2536728
 -0.54250   0.55    0.0000006        81.1970218
 -0.54000   0.55    0.0000005        81.1297997
 -0.53750   0.55    0.0000005        81.0513703
 -0.53500   0.55    0.0000005        80.9610510
 -0.53250   0.55    0.0000005        80.8581299
 -0.53000   0.55    0.0000005        80.7418643
 -0.52750   0.55    0.0000005        80.6114751
 -0.52500   0.55    0.0000005        80.4661456
 -0.52250   0.55    0.0000004        80.3050166
 -0.52000   0.55    0.0000004        80.1271821
 -0.51750   0.55    0.0000004        79.9316833
 -0.51500   0.55    0.0000004        79.7175031
 -0.51250   0.55    0.0000004        79.4835587
 -0.51000   0.55    0.0000004        79.2286930
 -0.50750   0.55    0.0000004        78.9516649
 -0.50500   0.55    0.0000004        78.6511375
 -0.50250   0.55    0.0000004        78.3256639
 -0.50000   0.55    0.0000003        77.9736705
 -0.49750   0.55    0.0000003        77.5934361
 -0.49500   0.55    0.0000003        77.1830674
 -0.49250   0.55    0.0000003        76.7404678
 -0.49000   0.55    0.0000003        76.2632985
 -0.48750   0.55    0.0000003        75.7489298
 -0.48500   0.55    0.0000003        75.1943785
 -0.48250   0.55    0.0000003        74.5962275
 -0.48000   0.55    0.0000003        73.9505160
 -0.47750   0.55    0.0000002        73.2525975
 -0.47500   0.55    0.0000002        72.4969379
 -0.47250   0.55    0.0000002        71.6768409
 -0.47000   0.55    0.0000002        70.7840278
 -0.46750   0.55    0.0000002        69.8080338
 -0.46500   0.55    0.0000002        68.7352369
 -0.46250   0.55    0.0000002        67.5472590
 -0.46000   0.55    0.0000002        66.2181363
 -0.45750   0.55    0.0000002        64.7088489
 -0.45500   0.55    0.0000002        62.9553703
 -0.45250   0.55    0.0000001        60.8372635
 -0.45000   0.55    0.0000001        58.0635839
 -0.44750   0.55    0.0000001        53.1236296
 -0.44500   0.55    0.0000001        50.3005022
 -0.44250   0.55    0.0000001        50.3060835
 -0.44000   0.55    0.0000001        50.3035284
 -0.43750   0.55    0.0000001        50.2902245
 -0.43500   0.55    0.0000001        50.2652330
 -0.43250   0.55    0.0000001        50.2279126
 -0.43000   0.55    0.0000001        50.1777051
 -0.42750   0.55    0.0000001        50.1140767
 -0.42500   0.55    0.0000001        50.0364958
 -0.42250   0.55    0.0000001        49.9444234
 -0.42000   0.55    0.0000001        49.8373070
 -0.41750   0.55    0.0000001        49.7145768
 -0.41500   0.55    0.0000001        49.5756433
 -0.41250   0.55    0.0000001        49.4198936
 -0.41000   0.55    0.0000001        49.2466897
 -0.40750   0.55    0.0000001        49.0553653
 -0.40500   0.55    0.0000001        48.8452230
 -0.40250   0.55    0.0000001        48.6155311
 -0.40000   0.55    0.0000001        48.3655199
 -0.39750   0.55    0.0000001        48.0943783
 -0.39500   0.55    0.0000001        47.8012487
 -0.39250   0.55    0.0000001        47.4852225
 -0.39000   0.55    0.0000000        47.1453343
 -0.38750   0.55    0.0000000        46.7805551
 -0.38500   0.55    0.0000000        46.3897849
 -0.38250   0.55    0.0000000        45.9718445
 -0.38000   0.55    0.0000000        45.5254646
 -0.37750   0.55    0.0000000        45.0492750
 -0.37500   0.55    0.0000000        44.5417899
 -0.37250   0.55    0.0000000        44.0013923
 -0.37000   0.55    0.0000000        43.4263142
 -0.36750   0.55    0.0000000        42.8146136
 -0.36500   0.55    0.0000000        42.1641463
 -0.36250   0.55    0.0000000        41.4725319
 -0.36000   0.55    0.0000000        40.7371115
 -0.35750   0.55    0.0000000        39.9548960
 -0.35500   0.55    0.0000000        39.1225003
 -0.35250   0.55    0.0000000        38.2360602
 -0.35000   0.55    0.0000000        37.2911246
 -0.34750   0.55    0.0000000        36.2825152
 -0.34500   0.55    0.0000000        35.2041387
 -0.34250   0.55    0.0000000        34.0487312
 -0.34000   0.55    0.0000000        32.8075024
 -0.33750   0.55    0.0000000        31.4696261
 -0.33500   0.55    0.0000000        30.0214870
 -0.33250   0.55    0.0000000        28.4455230
 -0.33000   0.55    0.0000000        26.7183602
 -0.32750   0.55    0.0000000        24.8076249
 -0.32500   0.55    0.0000000        22.6660592
 -0.32250   0.55    0.0000000        20.2194716
 -0.32000   0.55    0.0000000        17.3380753
 -0.31750   0.55    0.0000000        13.7497178
 -0.31500   0.55    0.0000000         8.6091187
 -0.31250   0.55    0.0000000         0.0428619
 -0.31000   0.55    0.0000000         0.0259197
 -0.30750   0.55    0.0000000         0.0215955
 -0.30500   0.55    0.0000000         0.0194134
 -0.30250   0.55    0.0000000         0.0180498
 -0.30000   0.55    0.0000000         0.0170993
 -0.29750   0.55    0.0000000         0.0163906
 -0.29500   0.55    0.0000000         0.0158375
 -0.29250   0.55    0.0000000         0.0153914
 -0.29000   0.55    0.0000000         0.0150224
 -0.28750   0.55    0.0000000         0.0147110
 -0.28500   0.55    0.0000000         0.0144442
 -0.28250   0.55    0.0000000         0.0142124
 -0.28000   0.55    0.0000000         0.0140089
 -0.27750   0.55    0.0000000         0.0138285
 -0.27500   0.55    0.0000000         0.0136674
 -0.27250   0.55    0.0000000         0.0135224
 -0.27000   0.55    0.0000000         0.0133911
 -0.26750   0.55    0.0000000         0.0132717
 -0.26500   0.55    0.0000000         0.0131624
 -0.26250   0.55    0.0000000         0.0130621
 -0.26000   0.55    0.0000000         0.0129696
 -0.25750   0.55    0.0000000         0.0128841
 -0.25500   0.55    0.0000000         0.0128047
 -0.25250   0.55    0.0000000         0.0127307
 -0.25000   0.55    0.0000000         0.0126617
 -0.24750   0.55    0.0000000         0.0125972
 -0.24500   0.55    0.0000000         0.0125367
 -0.24250   0.55    0.0000000         0.0124799
 -0.24000   0.55    0.0000000         0.0124264
 -0.23750   0.55    0.0000000         0.0123759
 -0.23500   0.55    0.0000000         0.0123283
 -0.23250   0.55    0.0000000         0.0122833
 -0.23000   0.55    0.0000000         0.0122406
 -0.22750   0.55    0.0000000         0.0122001
 -0.22500   0.55    0.0000000         0.0121617
 -0.22250   0.55    0.0000000         0.0121252
 -0.22000   0.55    0.0000000         0.0120905
 -0.21750   0.55    0.0000000         0.0120574
 -0.21500   0.55    0.0000000         0.0120259
 -0.21250   0.55    0.0000000         0.0119958
 -0.21000   0.55    0.0000000         0.0119671
 -0.20750   0.55    0.0000000         0.0119397
 -0.20500   0.55    0.0000000         0.0119135
 -0.20250   0.55    0.0000000         0.0118884
 -0.20000   0.55    0.0000000         0.0118644
 -0.19750   0.55    0.0000000         0.0118414
 -0.19500   0.55    0.0000000         0.0118194
 -0.19250   0.55    0.0000000         0.0117983
 -0.19000   0.55    0.0000000         0.0117780
 -0.18750   0.55    0.0000000         0.0117586
 -0.18500   0.55    0.0000000         0.0117400
 -0.18250   0.55    0.0000000         0.0117222
 -0.18000   0.55    0.0000000         0.0117050
 -0.17750   0.55    0.0000000         0.0116885
 -0.17500   0.55    0.0000000         0.0116727
 -0.17250   0.55    0.0000000         0.0116576
 -0.17000   0.55    0.0000000         0.0116430
 -0.16750   0.55    0.0000000         0.0116290
 -0.16500   0.55    0.0000000         0.0116156
 -0.16250   0.55    0.0000000         0.0116026
 -0.16000   0.55    0.0000000         0.0115903
 -0.15750   0.55    0.0000000         0.0115784
 -0.15500   0.55    0.0000000         0.0115669
 -0.15250   0.55    0.0000000         0.0115560
 -0.15000   0.55    0.0000000         0.0115455
 -0.14750   0.55    0.0000000         0.0115354
 -0.14500   0.55    0.0000000         0.0115257
 -0.14250   0.55    0.0000000         0.0115164
 -0.14000   0.55    0.0000000         0.0115076
 -0.13750   0.55    0.0000000         0.0114991
 -0.13500   0.55    0.0000000         0.0114909
 -0.13250   0.55    0.0000000         0.0114832
 -0.13000   0.55    0.0000000         0.0114757
 -0.12750   0.55    0.0000000         0.0114686
 -0.12500   0.55    0.0000000         0.0114619
 -0.12250   0.55    0.0000000         0.0114554
 -0.12000   0.55    0.0000000         0.0114493
 -0.11750   0.55    0.0000000         0.0114435
 -0.11500   0.55    0.0000000         0.0114379
 -0.11250   0.55    0.0000000         0.0114327
 -0.11000   0.55    0.0000000         0.0114277
 -0.10750   0.55    0.0000000         0.0114231
 -0.10500   0.55    0.0000000         0.0114187
 -0.10250   0.55    0.0000000         0.0114145
 -0.10000   0.55    0.0000000         0.0114106
 -0.09750   0.55    0.0000000         0.0114070
 -0.09500   0.55    0.0000000         0.0114036
 -0.09250   0.55    0.0000000         0.0114005
 -0.09000   0.55    0.0000000         0.0113976
 -0.08750   0.55    0.0000000         0.0113950
 -0.08500   0.55    0.0000000         0.0113926
 -0.08250   0.55    0.0000000         0.0113904
 -0.08000   0.55    0.0000000         0.0113885
 -0.07750   0.55    0.0000000         0.0113867
 -0.07500   0.55    0.0000000         0.0113852
 -0.07250   0.55    0.0000000         0.0113840
 -0.07000   0.55    0.0000000         0.0113829
 -0.06750   0.55    0.0000000         0.0113821
 -0.06500   0.55    0.0000000         0.0113814
 -0.06250   0.55    0.0000000         0.0113810
 -0.06000   0.55    0.0000000         0.0113808
 -0.05750   0.55    0.0000000         0.0113808
 -0.05500   0.55    0.0000000         0.0113810
 -0.05250   0.55    0.0000000         0.0113814
 -0.05000   0.55    0.0000000         0.0113820
 -0.04750   0.55    0.0000000         0.0113829
 -0.04500   0.55    0.0000000         0.0113839
 -0.04250   0.55    0.0000000         0.0113851
 -0.04000   0.55    0.0000000         0.0113865
 -0.03750   0.55    0.0000000         0.0113881
 -0.03500   0.55    0.0000000         0.0113899
 -0.03250   0.55    0.0000000         0.0113920
 -0.03000   0.55    0.0000000         0.0113942
 -0.02750   0.55    0.0000000         0.0113966
 -0.02500   0.55    0.0000000         0.0113992
 -0.02250   0.55    0.0000000         0.0114020
 -0.02000   0.55    0.0000000         0.0114050
 -0.01750   0.55    0.0000000         0.0114083
 -0.01500   0.55    0.0000000         0.0114117
 -0.01250   0.55    0.0000000         0.0114153
 -0.01000   0.55    0.0000000         0.0114191
 -0.00750   0.55    0.0000000         0.0114231
 -0.00500   0.55    0.0000000         0.0114273
 -0.00250   0.55    0.0000000         0.0114318
  0.00000   0.55    0.0000000         0.0114364
