 -2.00000   0.551    2.5223716       363.2395533
 -1.99750   0.551    2.5078515       366.1267336
 -1.99500   0.551    2.4937369       368.9111701
 -1.99250   0.551    2.4801155       371.5672508
 -1.99000   0.551    2.4670783       374.0780296
 -1.98750   0.551    2.4547095       376.4283512
 -1.98500   0.551    2.4430838       378.6061017
 -1.98250   0.551    2.4322648       380.6027389
 -1.98000   0.551    2.4223026       382.4136453
 -1.97750   0.551    2.4132321       384.0383121
 -1.97500   0.551    2.4050721       385.4803124
 -1.97250   0.551    2.3978245       386.7472836
 -1.97000   0.551    2.3914739       387.8502541
 -1.96750   0.551    2.3859889       388.8034541
 -1.96500   0.551    2.3813227       389.6235161
 -1.96250   0.551    2.3774147       390.3287725
 -1.96000   0.551    2.3741926       390.9384636
 -1.95750   0.551    2.3715745       391.4719249
 -1.95500   0.551    2.3694712       391.9477889
 -1.95250   0.551    2.3677884       392.3832319
 -1.95000   0.551    2.3664294       392.7932872
 -1.94750   0.551    2.3652973       393.1902544
 -1.94500   0.551    2.3642965       393.5831786
 -1.94250   0.551    2.3633350       393.9774670
 -1.94000   0.551    2.3623256       394.3745791
 -1.93750   0.551    2.3611873       394.7718423
 -1.93500   0.551    2.3598460       395.1623298
 -1.93250   0.551    2.3582350       395.5348776
 -1.93000   0.551    2.3562951       395.8741602
 -1.92750   0.551    2.3539737       396.1608613
 -1.92500   0.551    2.3512236       396.3719196
 -1.92250   0.551    2.3480010       396.4808346
 -1.92000   0.551    2.3442614       396.4580311
 -1.91750   0.551    2.3399550       396.2711228
 -1.91500   0.551    2.3350193       395.8851741
 -1.91250   0.551    2.3293698       395.2626160
 -1.91000   0.551    2.3228858       394.3626503
 -1.90750   0.551    2.3153930       393.1396534
 -1.90500   0.551    2.3066364       391.5396416
 -1.90250   0.551    2.2962418       389.4928145
 -1.90000   0.551    2.2836537       386.8972464
 -1.89750   0.551    2.2680231       383.5765120
 -1.89500   0.551    2.2479930       379.1445874
 -1.89250   0.551    2.2210368       371.9804014
 -1.89000   0.551    2.1844129       365.0648670
 -1.88750   0.551    2.1267386       362.7713402
 -1.88500   0.551    1.9710094       357.4374522
 -1.88250   0.551    1.9220613       351.9290749
 -1.88000   0.551    1.9236401       350.9644484
 -1.87750   0.551    1.9251002       350.3875148
 -1.87500   0.551    1.9264902       349.9078096
 -1.87250   0.551    1.9278395       349.4079976
 -1.87000   0.551    1.9291643       348.8261420
 -1.86750   0.551    1.9304737       348.1267565
 -1.86500   0.551    1.9317721       347.2906502
 -1.86250   0.551    1.9330612       346.3107151
 -1.86000   0.551    1.9343408       345.1900696
 -1.85750   0.551    1.9356093       343.9413030
 -1.85500   0.551    1.9368622       342.5862114
 -1.85250   0.551    1.9381047       341.1565649
 -1.85000   0.551    1.9393261       339.6935519
 -1.84750   0.551    1.9405265       338.2496580
 -1.84500   0.551    1.9417030       336.8894082
 -1.84250   0.551    1.9428528       335.6857912
 -1.84000   0.551    1.9439740       334.7401155
 -1.83750   0.551    1.9450639       334.1542869
 -1.83500   0.551    1.9461203       334.0575956
 -1.83250   0.551    1.9471411       334.5996775
 -1.83000   0.551    1.9481242       335.9550669
 -1.82750   0.551    1.9490675       338.3270509
 -1.82500   0.551    1.9499689       341.9521005
 -1.82250   0.551    1.9508262       347.1049766
 -1.82000   0.551    1.9516368       354.1045360
 -1.81750   0.551    1.9523980       363.3201796
 -1.81500   0.551    1.9531065       375.1787041
 -1.81250   0.551    1.9537588       390.1709569
 -1.81000   0.551    1.9543503       408.8569407
 -1.80750   0.551    1.9548755       431.8664524
 -1.80500   0.551    1.9553309       459.8892710
 -1.80250   0.551    1.9557038       493.6404349
 -1.80000   0.551    1.9559881       533.7724042
 -1.79750   0.551    1.9561716       580.6587933
 -1.79500   0.551    1.9562401       633.8640614
 -1.79250   0.551    1.9561763       690.7494379
 -1.79000   0.551    1.9559594       742.2851418
 -1.78750   0.551    1.9555671       756.6029734
 -1.78500   0.551    1.9549771       524.9935418
 -1.78250   0.551    1.9546805       191.5275194
 -1.78000   0.551    1.9534079       189.1552663
 -1.77750   0.551    1.9516207       189.9812690
 -1.77500   0.551    1.9492522       192.7700774
 -1.77250   0.551    1.9461445       197.3756168
 -1.77000   0.551    1.9420572       204.0136981
 -1.76750   0.551    1.9366355       213.1686619
 -1.76500   0.551    1.9293497       225.6433321
 -1.76250   0.551    1.9193892       242.7063396
 -1.76000   0.551    1.9054731       266.3746978
 -1.75750   0.551    1.8855042       299.9362284
 -1.75500   0.551    1.8559157       348.9276336
 -1.75250   0.551    1.8104170       422.9785472
 -1.75000   0.551    1.7376685       539.1206418
 -1.74750   0.551    1.6179152       726.1525731
 -1.74500   0.551    1.4247768      1019.7425072
 -1.74250   0.551    1.1679590      1394.1828065
 -1.74000   0.551    1.0106869      1593.4031023
 -1.73750   0.551    1.1290653      1373.7777333
 -1.73500   0.551    1.3676199       995.2326629
 -1.73250   0.551    1.5590289       704.0880236
 -1.73000   0.551    1.6836166       519.5498426
 -1.72750   0.551    1.7626989       404.8712370
 -1.72500   0.551    1.8142989       331.4283052
 -1.72250   0.551    1.8493108       282.4449618
 -1.72000   0.551    1.8739964       248.4650405
 -1.71750   0.551    1.8920092       224.0537287
 -1.71500   0.551    1.9055508       205.9766501
 -1.71250   0.551    1.9159966       192.2361101
 -1.71000   0.551    1.9242354       181.5541048
 -1.70750   0.551    1.9308602       173.0864716
 -1.70500   0.551    1.9362775       166.2594448
 -1.70250   0.551    1.9407733       160.6729710
 -1.70000   0.551    1.9445532       156.0417294
 -1.69750   0.551    1.9477681       152.1580275
 -1.69500   0.551    1.9505315       148.8680261
 -1.69250   0.551    1.9529274       146.0556390
 -1.69000   0.551    1.9550231       143.6322781
 -1.68750   0.551    1.9568695       141.5292115
 -1.68500   0.551    1.9585075       139.6925318
 -1.68250   0.551    1.9599693       138.0794736
 -1.68000   0.551    1.9612814       136.6557579
 -1.67750   0.551    1.9624649       135.3936461
 -1.67500   0.551    1.9635374       134.2704931
 -1.67250   0.551    1.9645134       133.2676604
 -1.67000   0.551    1.9654051       132.3696896
 -1.66750   0.551    1.9662226       131.5636677
 -1.66500   0.551    1.9669744       130.8387354
 -1.66250   0.551    1.9676680       130.1857029
 -1.66000   0.551    1.9683096       129.5967462
 -1.65750   0.551    1.9689045       129.0651667
 -1.65500   0.551    1.9694574       128.5851981
 -1.65250   0.551    1.9699722       128.1518513
 -1.65000   0.551    1.9704527       127.7607887
 -1.64750   0.551    1.9709016       127.4082172
 -1.64500   0.551    1.9713221       127.0908226
 -1.64250   0.551    1.9717162       126.8056636
 -1.64000   0.551    1.9720861       126.5501501
 -1.63750   0.551    1.9724337       126.3219777
 -1.63500   0.551    1.9727607       126.1190835
 -1.63250   0.551    1.9730686       125.9395941
 -1.63000   0.551    1.9733588       125.7819922
 -1.62750   0.551    1.9736324       125.6446317
 -1.62500   0.551    1.9738905       125.5262155
 -1.62250   0.551    1.9741342       125.4255150
 -1.62000   0.551    1.9743642       125.3414106
 -1.61750   0.551    1.9745815       125.2728784
 -1.61500   0.551    1.9747868       125.2189785
 -1.61250   0.551    1.9749807       125.1788460
 -1.61000   0.551    1.9751639       125.1516820
 -1.60750   0.551    1.9753369       125.1367464
 -1.60500   0.551    1.9755002       125.1333513
 -1.60250   0.551    1.9756544       125.1408558
 -1.60000   0.551    1.9757998       125.1586607
 -1.59750   0.551    1.9759369       125.1862039
 -1.59500   0.551    1.9760660       125.2229572
 -1.59250   0.551    1.9761875       125.2684224
 -1.59000   0.551    1.9763017       125.3221285
 -1.58750   0.551    1.9764089       125.3836293
 -1.58500   0.551    1.9765095       125.4525024
 -1.58250   0.551    1.9766029       125.5283195
 -1.58000   0.551    1.9766909       125.6107383
 -1.57750   0.551    1.9767726       125.6993579
 -1.57500   0.551    1.9768484       125.7938277
 -1.57250   0.551    1.9769187       125.8938055
 -1.57000   0.551    1.9769834       125.9989605
 -1.56750   0.551    1.9770429       126.1089727
 -1.56500   0.551    1.9770972       126.2235319
 -1.56250   0.551    1.9771465       126.3423367
 -1.56000   0.551    1.9771909       126.4650935
 -1.55750   0.551    1.9772306       126.5915159
 -1.55500   0.551    1.9772657       126.7213240
 -1.55250   0.551    1.9772962       126.8542436
 -1.55000   0.551    1.9773223       126.9900053
 -1.54750   0.551    1.9773441       127.1283447
 -1.54500   0.551    1.9773616       127.2690009
 -1.54250   0.551    1.9773750       127.4117169
 -1.54000   0.551    1.9773843       127.5562383
 -1.53750   0.551    1.9773895       127.7023136
 -1.53500   0.551    1.9773908       127.8496932
 -1.53250   0.551    1.9773881       127.9981294
 -1.53000   0.551    1.9773816       128.1473758
 -1.52750   0.551    1.9773713       128.2971869
 -1.52500   0.551    1.9773573       128.4473180
 -1.52250   0.551    1.9773395       128.5975247
 -1.52000   0.551    1.9773180       128.7475626
 -1.51750   0.551    1.9772928       128.8971868
 -1.51500   0.551    1.9772640       129.0461521
 -1.51250   0.551    1.9772316       129.1942121
 -1.51000   0.551    1.9771955       129.3411193
 -1.50750   0.551    1.9771559       129.4866245
 -1.50500   0.551    1.9771127       129.6304768
 -1.50250   0.551    1.9770660       129.7724231
 -1.50000   0.551    1.9770157       129.9122078
 -1.49750   0.551    1.9769618       130.0495726
 -1.49500   0.551    1.9769044       130.1842561
 -1.49250   0.551    1.9768434       130.3159934
 -1.49000   0.551    1.9767788       130.4445159
 -1.48750   0.551    1.9767107       130.5695509
 -1.48500   0.551    1.9766389       130.6908212
 -1.48250   0.551    1.9765635       130.8080447
 -1.48000   0.551    1.9764845       130.9209340
 -1.47750   0.551    1.9764018       131.0291961
 -1.47500   0.551    1.9763154       131.1325318
 -1.47250   0.551    1.9762252       131.2306353
 -1.47000   0.551    1.9761313       131.3231937
 -1.46750   0.551    1.9760336       131.4098865
 -1.46500   0.551    1.9759320       131.4903847
 -1.46250   0.551    1.9758266       131.5643508
 -1.46000   0.551    1.9757172       131.6314374
 -1.45750   0.551    1.9756037       131.6912873
 -1.45500   0.551    1.9754863       131.7435319
 -1.45250   0.551    1.9753647       131.7877909
 -1.45000   0.551    1.9752390       131.8236711
 -1.44750   0.551    1.9751089       131.8507657
 -1.44500   0.551    1.9749746       131.8686529
 -1.44250   0.551    1.9748359       131.8768948
 -1.44000   0.551    1.9746927       131.8750362
 -1.43750   0.551    1.9745449       131.8626028
 -1.43500   0.551    1.9743925       131.8391001
 -1.43250   0.551    1.9742353       131.8040112
 -1.43000   0.551    1.9740732       131.7567951
 -1.42750   0.551    1.9739062       131.6968842
 -1.42500   0.551    1.9737341       131.6236821
 -1.42250   0.551    1.9735568       131.5365608
 -1.42000   0.551    1.9733742       131.4348575
 -1.41750   0.551    1.9731862       131.3178711
 -1.41500   0.551    1.9729925       131.1848557
 -1.41250   0.551    1.9727932       131.0350286
 -1.41000   0.551    1.9725880       130.8675406
 -1.40750   0.551    1.9723768       130.6814943
 -1.40500   0.551    1.9721594       130.4759254
 -1.40250   0.551    1.9719356       130.2497968
 -1.40000   0.551    1.9717052       130.0019901
 -1.39750   0.551    1.9714681       129.7312945
 -1.39500   0.551    1.9712241       129.4363942
 -1.39250   0.551    1.9709730       129.1158536
 -1.39000   0.551    1.9707145       128.7680998
 -1.38750   0.551    1.9704484       128.3914010
 -1.38500   0.551    1.9701745       127.9838409
 -1.38250   0.551    1.9698926       127.5432873
 -1.38000   0.551    1.9696023       127.0673538
 -1.37750   0.551    1.9693034       126.5533512
 -1.37500   0.551    1.9689956       125.9982275
 -1.37250   0.551    1.9686785       125.3984905
 -1.37000   0.551    1.9683520       124.7501082
 -1.36750   0.551    1.9680156       124.0483781
 -1.36500   0.551    1.9676690       123.2877518
 -1.36250   0.551    1.9673118       122.4615956
 -1.36000   0.551    1.9669436       121.5618560
 -1.35750   0.551    1.9665640       120.5785780
 -1.35500   0.551    1.9661726       119.4991882
 -1.35250   0.551    1.9657689       118.3073861
 -1.35000   0.551    1.9653524       116.9813402
 -1.34750   0.551    1.9649225       115.4905684
 -1.34500   0.551    1.9644786       113.7900870
 -1.34250   0.551    1.9640201       111.8081591
 -1.34000   0.551    1.9635462       109.4161364
 -1.33750   0.551    1.9630556       106.3314188
 -1.33500   0.551    1.9625459       101.5488239
 -1.33250   0.551    1.9619471        95.4090434
 -1.33000   0.551    1.9613596        95.6118450
 -1.32750   0.551    1.9607656        95.8288956
 -1.32500   0.551    1.9601569        96.0542207
 -1.32250   0.551    1.9595304        96.2869457
 -1.32000   0.551    1.9588842        96.5269439
 -1.31750   0.551    1.9582168        96.7743191
 -1.31500   0.551    1.9575268        97.0292767
 -1.31250   0.551    1.9568133        97.2920866
 -1.31000   0.551    1.9560742        97.5630367
 -1.30750   0.551    1.9553089        97.8424825
 -1.30500   0.551    1.9545159        98.1307872
 -1.30250   0.551    1.9536936        98.4283494
 -1.30000   0.551    1.9528408        98.7355981
 -1.29750   0.551    1.9519557        99.0529932
 -1.29500   0.551    1.9510367        99.3810285
 -1.29250   0.551    1.9500822        99.7202330
 -1.29000   0.551    1.9490903       100.0711746
 -1.28750   0.551    1.9480590       100.4344627
 -1.28500   0.551    1.9469864       100.8107525
 -1.28250   0.551    1.9458700       101.2007492
 -1.28000   0.551    1.9447078       101.6052127
 -1.27750   0.551    1.9434971       102.0249630
 -1.27500   0.551    1.9422353       102.4608873
 -1.27250   0.551    1.9409196       102.9139461
 -1.27000   0.551    1.9395469       103.3851826
 -1.26750   0.551    1.9381141       103.8757310
 -1.26500   0.551    1.9366176       104.3868283
 -1.26250   0.551    1.9350538       104.9198264
 -1.26000   0.551    1.9334186       105.4762065
 -1.25750   0.551    1.9317077       106.0575964
 -1.25500   0.551    1.9299167       106.6657902
 -1.25250   0.551    1.9280405       107.3027712
 -1.25000   0.551    1.9260739       107.9707400
 -1.24750   0.551    1.9240109       108.6721467
 -1.24500   0.551    1.9218456       109.4097301
 -1.24250   0.551    1.9195710       110.1865645
 -1.24000   0.551    1.9171799       111.0061163
 -1.23750   0.551    1.9146644       111.8723130
 -1.23500   0.551    1.9120159       112.7896276
 -1.23250   0.551    1.9092249       113.7631832
 -1.23000   0.551    1.9062811       114.7988822
 -1.22750   0.551    1.9031733       115.9035696
 -1.22500   0.551    1.8998889       117.0852388
 -1.22250   0.551    1.8964143       118.3532948
 -1.22000   0.551    1.8927342       119.7188935
 -1.21750   0.551    1.8888316       121.1953846
 -1.21500   0.551    1.8846875       122.7988950
 -1.21250   0.551    1.8802804       124.5491082
 -1.21000   0.551    1.8755859       126.4703181
 -1.20750   0.551    1.8705758       128.5928750
 -1.20500   0.551    1.8652178       130.9552010
 -1.20250   0.551    1.8594736       133.6066471
 -1.20000   0.551    1.8532974       136.6116182
 -1.19750   0.551    1.8466339       140.0556575
 -1.19500   0.551    1.8394142       144.0546240
 -1.19250   0.551    1.8315504       148.7689017
 -1.19000   0.551    1.8229276       154.4260459
 -1.18750   0.551    1.8133894       161.3580899
 -1.18500   0.551    1.8027155       170.0653849
 -1.18250   0.551    1.7905799       181.3307593
 -1.18000   0.551    1.7764752       196.4344824
 -1.17750   0.551    1.7595621       217.5845936
 -1.17500   0.551    1.7383490       248.8439855
 -1.17250   0.551    1.7099487       298.3129271
 -1.17000   0.551    1.6681640       383.8449481
 -1.16750   0.551    1.5979479       549.9271474
 -1.16500   0.551    1.4582235       921.8425893
 -1.16250   0.551    1.1524089      1813.5407885
 -1.16000   0.551    0.8792893      2706.9956909
 -1.15750   0.551    1.2302788      1674.5692152
 -1.15500   0.551    1.4742605       872.2315487
 -1.15250   0.551    1.5592543       542.8467081
 -1.15000   0.551    1.5848677       395.7608450
 -1.14750   0.551    1.5867560       321.2953074
 -1.14500   0.551    1.5745078       136.1994911
 -1.14250   0.551    1.5616137       255.6408600
 -1.14000   0.551    1.5417304       240.8983204
 -1.13750   0.551    1.5188050       231.9634619
 -1.13500   0.551    1.4934371       226.7601639
 -1.13250   0.551    1.4659954       224.0668315
 -1.13000   0.551    1.4367452       223.1206446
 -1.12750   0.551    1.4059150       223.4176649
 -1.12500   0.551    1.3737349       224.6055789
 -1.12250   0.551    1.3404614       226.4231890
 -1.12000   0.551    1.3063928       228.6649410
 -1.11750   0.551    1.2718790       231.1596399
 -1.11500   0.551    1.2373254       233.7577030
 -1.11250   0.551    1.2031922       236.3238772
 -1.11000   0.551    1.1699870       238.7336810
 -1.10750   0.551    1.1382514       240.8724791
 -1.10500   0.551    1.1085422       242.6364389
 -1.10250   0.551    1.0814072       243.9347254
 -1.10000   0.551    1.0573576       244.6923305
 -1.09750   0.551    1.0368397       244.8529416
 -1.09500   0.551    1.0202091       244.3812864
 -1.09250   0.551    1.0077087       243.2644853
 -1.09000   0.551    0.9994556       241.5120942
 -1.08750   0.551    0.9954363       239.1547260
 -1.08500   0.551    0.9955114       236.2413510
 -1.08250   0.551    0.9994290       232.8356089
 -1.08000   0.551    1.0068451       229.0112361
 -1.07750   0.551    1.0173465       224.8479804
 -1.07500   0.551    1.0304769       220.4268892
 -1.07250   0.551    1.0457610       215.8268267
 -1.07000   0.551    1.0627252       211.1215003
 -1.06750   0.551    1.0809152       206.3773807
 -1.06500   0.551    1.0999081       201.6524432
 -1.06250   0.551    1.1193210       196.9956307
 -1.06000   0.551    1.1388148       192.4468952
 -1.05750   0.551    1.1580952       188.0376670
 -1.05500   0.551    1.1769115       183.7916008
 -1.05250   0.551    1.1950528       179.7255024
 -1.05000   0.551    1.2123437       175.8502497
 -1.04750   0.551    1.2286395       172.1718020
 -1.04500   0.551    1.2438207       168.6920541
 -1.04250   0.551    1.2577873       165.4096527
 -1.04000   0.551    1.2704542       162.3206917
 -1.03750   0.551    1.2817454       159.4193022
 -1.03500   0.551    1.2903701       101.8741974
 -1.03250   0.551    1.2999135       154.1487375
 -1.03000   0.551    1.3066387       151.7618497
 -1.02750   0.551    1.3116737       149.5275909
 -1.02500   0.551    1.3149067       147.4355715
 -1.02250   0.551    1.3161969       145.4749052
 -1.02000   0.551    1.3153606       143.6341102
 -1.01750   0.551    1.3121529       141.9008515
 -1.01500   0.551    1.3062382       140.2614661
 -1.01250   0.551    1.2971415       138.7000580
 -1.01000   0.551    1.2841625       137.1968173
 -1.00750   0.551    1.2662054       135.7245873
 -1.00500   0.551    1.2413988       134.2409517
 -1.00250   0.551    1.2060485       132.6659125
 -1.00000   0.551    1.1504566       130.7901740
 -0.99750   0.551    0.9872118       126.6464962
 -0.99500   0.551    0.9845783       126.8588059
 -0.99250   0.551    0.9836407       127.0613863
 -0.99000   0.551    0.9828411       127.2346262
 -0.98750   0.551    0.9820874       127.3852240
 -0.98500   0.551    0.9813470       127.5175940
 -0.98250   0.551    0.9806029       127.6347852
 -0.98000   0.551    0.9798444       127.7390435
 -0.97750   0.551    0.9790637       127.8321193
 -0.97500   0.551    0.9782541       127.9154472
 -0.97250   0.551    0.9774099       127.9902561
 -0.97000   0.551    0.9765257       128.0576404
 -0.96750   0.551    0.9755961       128.1186080
 -0.96500   0.551    0.9746158       128.1741128
 -0.96250   0.551    0.9735792       128.2250787
 -0.96000   0.551    0.9724804       128.2724156
 -0.95750   0.551    0.9713131       128.3170322
 -0.95500   0.551    0.9700707       128.3598448
 -0.95250   0.551    0.9687458       128.4017837
 -0.95000   0.551    0.9673305       128.4437989
 -0.94750   0.551    0.9658161       128.4868635
 -0.94500   0.551    0.9641931       128.5319770
 -0.94250   0.551    0.9624509       128.5801677
 -0.94000   0.551    0.9605778       128.6324951
 -0.93750   0.551    0.9585608       128.6900518
 -0.93500   0.551    0.9563852       128.7539658
 -0.93250   0.551    0.9540350       128.8254026
 -0.93000   0.551    0.9514917       128.9055683
 -0.92750   0.551    0.9487346       128.9957127
 -0.92500   0.551    0.9457404       129.0971332
 -0.92250   0.551    0.9424825       129.2111800
 -0.92000   0.551    0.9389302       129.3392623
 -0.91750   0.551    0.9350487       129.4828557
 -0.91500   0.551    0.9307976       129.6435121
 -0.91250   0.551    0.9261298       129.8228718
 -0.91000   0.551    0.9209905       130.0226785
 -0.90750   0.551    0.9153152       130.2447984
 -0.90500   0.551    0.9090273       130.4912445
 -0.90250   0.551    0.9020354       130.7642075
 -0.90000   0.551    0.8942289       131.0660972
 -0.89750   0.551    0.8854731       131.3995928
 -0.89500   0.551    0.8756019       131.7677156
 -0.89250   0.551    0.8644071       132.1739239
 -0.89000   0.551    0.8516241       132.6222453
 -0.88750   0.551    0.8369100       133.1174665
 -0.88500   0.551    0.8198106       133.6654129
 -0.88250   0.551    0.7997075       134.2733763
 -0.88000   0.551    0.7757300       134.9508048
 -0.87750   0.551    0.7465981       135.7104826
 -0.87500   0.551    0.7103200       136.5707160
 -0.87250   0.551    0.6635377       137.5598862
 -0.87000   0.551    0.5998635       138.7274504
 -0.86750   0.551    0.5043212       140.1790967
 -0.86500   0.551    0.3188702       142.2803713
 -0.86250   0.551    0.0011389       136.8888711
 -0.86000   0.551    0.0005568       132.0391190
 -0.85750   0.551    0.0003746       128.7251223
 -0.85500   0.551    0.0002807       126.0653380
 -0.85250   0.551    0.0002225       123.7911163
 -0.85000   0.551    0.0001827       121.7781821
 -0.84750   0.551    0.0001537       119.9572204
 -0.84500   0.551    0.0001316       118.2850568
 -0.84250   0.551    0.0001143       116.7327417
 -0.84000   0.551    0.0001003       115.2798056
 -0.83750   0.551    0.0000889       113.9111819
 -0.83500   0.551    0.0000793       112.6154249
 -0.83250   0.551    0.0000713       111.3836143
 -0.83000   0.551    0.0000644       110.2086489
 -0.82750   0.551    0.0000584       109.0847736
 -0.82500   0.551    0.0000533       108.0072516
 -0.82250   0.551    0.0000487       106.9721318
 -0.82000   0.551    0.0000448       105.9760797
 -0.81750   0.551    0.0000412       105.0162512
 -0.81500   0.551    0.0000381       104.0901980
 -0.81250   0.551    0.0000353       103.1957947
 -0.81000   0.551    0.0000327       102.3311818
 -0.80750   0.551    0.0000304       101.4947217
 -0.80500   0.551    0.0000284       100.6849627
 -0.80250   0.551    0.0000265        99.9006108
 -0.80000   0.551    0.0000248        99.1405061
 -0.79750   0.551    0.0000232        98.4036043
 -0.79500   0.551    0.0000218        97.6889607
 -0.79250   0.551    0.0000205        96.9957171
 -0.79000   0.551    0.0000193        96.3230912
 -0.78750   0.551    0.0000182        95.6703673
 -0.78500   0.551    0.0000171        95.0368883
 -0.78250   0.551    0.0000162        94.4220490
 -0.78000   0.551    0.0000153        93.8252907
 -0.77750   0.551    0.0000145        93.2460960
 -0.77500   0.551    0.0000137        92.6839844
 -0.77250   0.551    0.0000130        92.1385086
 -0.77000   0.551    0.0000124        91.6092516
 -0.76750   0.551    0.0000117        91.0958229
 -0.76500   0.551    0.0000112        90.5978567
 -0.76250   0.551    0.0000106        90.1150093
 -0.76000   0.551    0.0000101        89.6469568
 -0.75750   0.551    0.0000096        89.1933936
 -0.75500   0.551    0.0000092        88.7540306
 -0.75250   0.551    0.0000088        88.3285934
 -0.75000   0.551    0.0000084        87.9168214
 -0.74750   0.551    0.0000080        87.5184660
 -0.74500   0.551    0.0000077        87.1332897
 -0.74250   0.551    0.0000073        86.7610652
 -0.74000   0.551    0.0000070        86.4015740
 -0.73750   0.551    0.0000067        86.0546057
 -0.73500   0.551    0.0000064        85.7199571
 -0.73250   0.551    0.0000062        85.3974315
 -0.73000   0.551    0.0000059        85.0868379
 -0.72750   0.551    0.0000057        84.7879901
 -0.72500   0.551    0.0000054        84.5007066
 -0.72250   0.551    0.0000052        84.2248090
 -0.72000   0.551    0.0000050        83.9601229
 -0.71750   0.551    0.0000048        83.7064760
 -0.71500   0.551    0.0000046        83.4636971
 -0.71250   0.551    0.0000045        83.2316209
 -0.71000   0.551    0.0000043        83.0100773
 -0.70750   0.551    0.0000041        82.7989009
 -0.70500   0.551    0.0000040        82.5979256
 -0.70250   0.551    0.0000038        82.4069855
 -0.70000   0.551    0.0000037        82.2259145
 -0.69750   0.551    0.0000036        82.0545455
 -0.69500   0.551    0.0000034        81.8927107
 -0.69250   0.551    0.0000033        81.7402410
 -0.69000   0.551    0.0000032        81.5969658
 -0.68750   0.551    0.0000031        81.4627125
 -0.68500   0.551    0.0000030        81.3373067
 -0.68250   0.551    0.0000029        81.2205716
 -0.68000   0.551    0.0000028        81.1123280
 -0.67750   0.551    0.0000027        81.0123938
 -0.67500   0.551    0.0000026        80.9205843
 -0.67250   0.551    0.0000025        80.8367113
 -0.67000   0.551    0.0000024        80.7605838
 -0.66750   0.551    0.0000024        80.6920070
 -0.66500   0.551    0.0000023        80.6307832
 -0.66250   0.551    0.0000022        80.5767089
 -0.66000   0.551    0.0000021        80.5295796
 -0.65750   0.551    0.0000021        80.4891851
 -0.65500   0.551    0.0000020        80.4553112
 -0.65250   0.551    0.0000019        80.4277396
 -0.65000   0.551    0.0000019        80.4062476
 -0.64750   0.551    0.0000018        80.3906080
 -0.64500   0.551    0.0000018        80.3805889
 -0.64250   0.551    0.0000017        80.3759537
 -0.64000   0.551    0.0000017        80.3764610
 -0.63750   0.551    0.0000016        80.3818644
 -0.63500   0.551    0.0000016        80.3919125
 -0.63250   0.551    0.0000015        80.4063354
 -0.63000   0.551    0.0000015        80.4249114
 -0.62750   0.551    0.0000014        80.4473331
 -0.62500   0.551    0.0000014        80.4733412
 -0.62250   0.551    0.0000014        80.5026577
 -0.62000   0.551    0.0000013        80.5349984
 -0.61750   0.551    0.0000013        80.5700738
 -0.61500   0.551    0.0000012        80.6075882
 -0.61250   0.551    0.0000012        80.6472398
 -0.61000   0.551    0.0000012        80.6887208
 -0.60750   0.551    0.0000011        80.7317169
 -0.60500   0.551    0.0000011        80.7759074
 -0.60250   0.551    0.0000011        80.8209648
 -0.60000   0.551    0.0000010        80.8665549
 -0.59750   0.551    0.0000010        80.9123366
 -0.59500   0.551    0.0000010        80.9579612
 -0.59250   0.551    0.0000010        81.0030729
 -0.59000   0.551    0.0000009        81.0473080
 -0.58750   0.551    0.0000009        81.0902950
 -0.58500   0.551    0.0000009        81.1316540
 -0.58250   0.551    0.0000009        81.1709967
 -0.58000   0.551    0.0000008        81.2079258
 -0.57750   0.551    0.0000008        81.2420349
 -0.57500   0.551    0.0000008        81.2729078
 -0.57250   0.551    0.0000008        81.3001183
 -0.57000   0.551    0.0000007        81.3232292
 -0.56750   0.551    0.0000007        81.3417936
 -0.56500   0.551    0.0000007        81.3553509
 -0.56250   0.551    0.0000007        81.3634296
 -0.56000   0.551    0.0000007        81.3655445
 -0.55750   0.551    0.0000007        81.3611970
 -0.55500   0.551    0.0000006        81.3498735
 -0.55250   0.551    0.0000006        81.3310449
 -0.55000   0.551    0.0000006        81.3041654
 -0.54750   0.551    0.0000006        81.2686712
 -0.54500   0.551    0.0000006        81.2239794
 -0.54250   0.551    0.0000006        81.1694864
 -0.54000   0.551    0.0000005        81.1045663
 -0.53750   0.551    0.0000005        81.0285690
 -0.53500   0.551    0.0000005        80.9408182
 -0.53250   0.551    0.0000005        80.8406091
 -0.53000   0.551    0.0000005        80.7272055
 -0.52750   0.551    0.0000005        80.5998373
 -0.52500   0.551    0.0000005        80.4576963
 -0.52250   0.551    0.0000004        80.2999333
 -0.52000   0.551    0.0000004        80.1256526
 -0.51750   0.551    0.0000004        79.9339075
 -0.51500   0.551    0.0000004        79.7236942
 -0.51250   0.551    0.0000004        79.4939446
 -0.51000   0.551    0.0000004        79.2435183
 -0.50750   0.551    0.0000004        78.9711930
 -0.50500   0.551    0.0000004        78.6756532
 -0.50250   0.551    0.0000004        78.3554765
 -0.50000   0.551    0.0000003        78.0091173
 -0.49750   0.551    0.0000003        77.6348876
 -0.49500   0.551    0.0000003        77.2309321
 -0.49250   0.551    0.0000003        76.7951993
 -0.49000   0.551    0.0000003        76.3254043
 -0.48750   0.551    0.0000003        75.8189822
 -0.48500   0.551    0.0000003        75.2730287
 -0.48250   0.551    0.0000003        74.6842231
 -0.48000   0.551    0.0000003        74.0487270
 -0.47750   0.551    0.0000003        73.3620482
 -0.47500   0.551    0.0000002        72.6188542
 -0.47250   0.551    0.0000002        71.8127113
 -0.47000   0.551    0.0000002        70.9357060
 -0.46750   0.551    0.0000002        69.9778809
 -0.46500   0.551    0.0000002        68.9263564
 -0.46250   0.551    0.0000002        67.7638922
 -0.46000   0.551    0.0000002        66.4663802
 -0.45750   0.551    0.0000002        64.9980933
 -0.45500   0.551    0.0000002        63.3015949
 -0.45250   0.551    0.0000001        61.2723711
 -0.45000   0.551    0.0000001        58.6741038
 -0.44750   0.551    0.0000001        54.5828399
 -0.44500   0.551    0.0000001        50.2794488
 -0.44250   0.551    0.0000001        50.2854360
 -0.44000   0.551    0.0000001        50.2847266
 -0.43750   0.551    0.0000001        50.2735560
 -0.43500   0.551    0.0000001        50.2508530
 -0.43250   0.551    0.0000001        50.2159444
 -0.43000   0.551    0.0000001        50.1682628
 -0.42750   0.551    0.0000001        50.1072723
 -0.42500   0.551    0.0000001        50.0324424
 -0.42250   0.551    0.0000001        49.9432364
 -0.42000   0.551    0.0000001        49.8391051
 -0.41750   0.551    0.0000001        49.7194832
 -0.41500   0.551    0.0000001        49.5837855
 -0.41250   0.551    0.0000001        49.4314045
 -0.41000   0.551    0.0000001        49.2617080
 -0.40750   0.551    0.0000001        49.0740358
 -0.40500   0.551    0.0000001        48.8676976
 -0.40250   0.551    0.0000001        48.6419692
 -0.40000   0.551    0.0000001        48.3960893
 -0.39750   0.551    0.0000001        48.1292560
 -0.39500   0.551    0.0000001        47.8406219
 -0.39250   0.551    0.0000001        47.5292896
 -0.39000   0.551    0.0000000        47.1943060
 -0.38750   0.551    0.0000000        46.8346560
 -0.38500   0.551    0.0000000        46.4492552
 -0.38250   0.551    0.0000000        46.0369416
 -0.38000   0.551    0.0000000        45.5964656
 -0.37750   0.551    0.0000000        45.1264789
 -0.37500   0.551    0.0000000        44.6255209
 -0.37250   0.551    0.0000000        44.0920030
 -0.37000   0.551    0.0000000        43.5241903
 -0.36750   0.551    0.0000000        42.9201786
 -0.36500   0.551    0.0000000        42.2778678
 -0.36250   0.551    0.0000000        41.5949289
 -0.36000   0.551    0.0000000        40.8687642
 -0.35750   0.551    0.0000000        40.0964568
 -0.35500   0.551    0.0000000        39.2747090
 -0.35250   0.551    0.0000000        38.3997605
 -0.35000   0.551    0.0000000        37.4672915
 -0.34750   0.551    0.0000000        36.4722846
 -0.34500   0.551    0.0000000        35.4088501
 -0.34250   0.551    0.0000000        34.2699868
 -0.34000   0.551    0.0000000        33.0472485
 -0.33750   0.551    0.0000000        31.7302725
 -0.33500   0.551    0.0000000        30.3060843
 -0.33250   0.551    0.0000000        28.7580400
 -0.33000   0.551    0.0000000        27.0641389
 -0.32750   0.551    0.0000000        25.1941770
 -0.32500   0.551    0.0000000        23.1045811
 -0.32250   0.551    0.0000000        20.7280791
 -0.32000   0.551    0.0000000        17.9499773
 -0.31750   0.551    0.0000000        14.5405099
 -0.31500   0.551    0.0000000         9.8631810
 -0.31250   0.551    0.0000000         0.0596779
 -0.31000   0.551    0.0000000         0.0274046
 -0.30750   0.551    0.0000000         0.0222042
 -0.30500   0.551    0.0000000         0.0197594
 -0.30250   0.551    0.0000000         0.0182781
 -0.30000   0.551    0.0000000         0.0172634
 -0.29750   0.551    0.0000000         0.0165153
 -0.29500   0.551    0.0000000         0.0159362
 -0.29250   0.551    0.0000000         0.0154717
 -0.29000   0.551    0.0000000         0.0150893
 -0.28750   0.551    0.0000000         0.0147678
 -0.28500   0.551    0.0000000         0.0144930
 -0.28250   0.551    0.0000000         0.0142549
 -0.28000   0.551    0.0000000         0.0140463
 -0.27750   0.551    0.0000000         0.0138618
 -0.27500   0.551    0.0000000         0.0136971
 -0.27250   0.551    0.0000000         0.0135492
 -0.27000   0.551    0.0000000         0.0134155
 -0.26750   0.551    0.0000000         0.0132939
 -0.26500   0.551    0.0000000         0.0131828
 -0.26250   0.551    0.0000000         0.0130808
 -0.26000   0.551    0.0000000         0.0129869
 -0.25750   0.551    0.0000000         0.0129001
 -0.25500   0.551    0.0000000         0.0128195
 -0.25250   0.551    0.0000000         0.0127446
 -0.25000   0.551    0.0000000         0.0126747
 -0.24750   0.551    0.0000000         0.0126094
 -0.24500   0.551    0.0000000         0.0125481
 -0.24250   0.551    0.0000000         0.0124906
 -0.24000   0.551    0.0000000         0.0124365
 -0.23750   0.551    0.0000000         0.0123855
 -0.23500   0.551    0.0000000         0.0123374
 -0.23250   0.551    0.0000000         0.0122919
 -0.23000   0.551    0.0000000         0.0122488
 -0.22750   0.551    0.0000000         0.0122079
 -0.22500   0.551    0.0000000         0.0121692
 -0.22250   0.551    0.0000000         0.0121323
 -0.22000   0.551    0.0000000         0.0120973
 -0.21750   0.551    0.0000000         0.0120639
 -0.21500   0.551    0.0000000         0.0120321
 -0.21250   0.551    0.0000000         0.0120018
 -0.21000   0.551    0.0000000         0.0119728
 -0.20750   0.551    0.0000000         0.0119452
 -0.20500   0.551    0.0000000         0.0119188
 -0.20250   0.551    0.0000000         0.0118935
 -0.20000   0.551    0.0000000         0.0118693
 -0.19750   0.551    0.0000000         0.0118461
 -0.19500   0.551    0.0000000         0.0118239
 -0.19250   0.551    0.0000000         0.0118027
 -0.19000   0.551    0.0000000         0.0117823
 -0.18750   0.551    0.0000000         0.0117628
 -0.18500   0.551    0.0000000         0.0117440
 -0.18250   0.551    0.0000000         0.0117260
 -0.18000   0.551    0.0000000         0.0117088
 -0.17750   0.551    0.0000000         0.0116922
 -0.17500   0.551    0.0000000         0.0116763
 -0.17250   0.551    0.0000000         0.0116610
 -0.17000   0.551    0.0000000         0.0116463
 -0.16750   0.551    0.0000000         0.0116322
 -0.16500   0.551    0.0000000         0.0116187
 -0.16250   0.551    0.0000000         0.0116057
 -0.16000   0.551    0.0000000         0.0115932
 -0.15750   0.551    0.0000000         0.0115813
 -0.15500   0.551    0.0000000         0.0115698
 -0.15250   0.551    0.0000000         0.0115587
 -0.15000   0.551    0.0000000         0.0115482
 -0.14750   0.551    0.0000000         0.0115380
 -0.14500   0.551    0.0000000         0.0115283
 -0.14250   0.551    0.0000000         0.0115190
 -0.14000   0.551    0.0000000         0.0115100
 -0.13750   0.551    0.0000000         0.0115015
 -0.13500   0.551    0.0000000         0.0114933
 -0.13250   0.551    0.0000000         0.0114855
 -0.13000   0.551    0.0000000         0.0114780
 -0.12750   0.551    0.0000000         0.0114709
 -0.12500   0.551    0.0000000         0.0114641
 -0.12250   0.551    0.0000000         0.0114576
 -0.12000   0.551    0.0000000         0.0114514
 -0.11750   0.551    0.0000000         0.0114455
 -0.11500   0.551    0.0000000         0.0114400
 -0.11250   0.551    0.0000000         0.0114347
 -0.11000   0.551    0.0000000         0.0114297
 -0.10750   0.551    0.0000000         0.0114250
 -0.10500   0.551    0.0000000         0.0114206
 -0.10250   0.551    0.0000000         0.0114164
 -0.10000   0.551    0.0000000         0.0114125
 -0.09750   0.551    0.0000000         0.0114088
 -0.09500   0.551    0.0000000         0.0114054
 -0.09250   0.551    0.0000000         0.0114023
 -0.09000   0.551    0.0000000         0.0113994
 -0.08750   0.551    0.0000000         0.0113967
 -0.08500   0.551    0.0000000         0.0113943
 -0.08250   0.551    0.0000000         0.0113921
 -0.08000   0.551    0.0000000         0.0113901
 -0.07750   0.551    0.0000000         0.0113884
 -0.07500   0.551    0.0000000         0.0113869
 -0.07250   0.551    0.0000000         0.0113856
 -0.07000   0.551    0.0000000         0.0113845
 -0.06750   0.551    0.0000000         0.0113837
 -0.06500   0.551    0.0000000         0.0113830
 -0.06250   0.551    0.0000000         0.0113826
 -0.06000   0.551    0.0000000         0.0113824
 -0.05750   0.551    0.0000000         0.0113823
 -0.05500   0.551    0.0000000         0.0113825
 -0.05250   0.551    0.0000000         0.0113829
 -0.05000   0.551    0.0000000         0.0113835
 -0.04750   0.551    0.0000000         0.0113844
 -0.04500   0.551    0.0000000         0.0113854
 -0.04250   0.551    0.0000000         0.0113866
 -0.04000   0.551    0.0000000         0.0113880
 -0.03750   0.551    0.0000000         0.0113896
 -0.03500   0.551    0.0000000         0.0113914
 -0.03250   0.551    0.0000000         0.0113934
 -0.03000   0.551    0.0000000         0.0113956
 -0.02750   0.551    0.0000000         0.0113980
 -0.02500   0.551    0.0000000         0.0114007
 -0.02250   0.551    0.0000000         0.0114035
 -0.02000   0.551    0.0000000         0.0114065
 -0.01750   0.551    0.0000000         0.0114097
 -0.01500   0.551    0.0000000         0.0114131
 -0.01250   0.551    0.0000000         0.0114167
 -0.01000   0.551    0.0000000         0.0114205
 -0.00750   0.551    0.0000000         0.0114246
 -0.00500   0.551    0.0000000         0.0114288
 -0.00250   0.551    0.0000000         0.0114332
  0.00000   0.551    0.0000000         0.0114379
