 -2.00000   0.599    2.5254608       360.4676467
 -1.99750   0.599    2.5095466       363.4139236
 -1.99500   0.599    2.4939189       366.2578827
 -1.99250   0.599    2.4786807       368.9766990
 -1.99000   0.599    2.4639335       371.5484886
 -1.98750   0.599    2.4497745       373.9531624
 -1.98500   0.599    2.4362933       376.1731746
 -1.98250   0.599    2.4235690       378.1942175
 -1.98000   0.599    2.4116676       380.0058327
 -1.97750   0.599    2.4006393       381.6020088
 -1.97500   0.599    2.3905199       382.9912418
 -1.97250   0.599    2.3813104       384.1415274
 -1.97000   0.599    2.3730175       385.0985731
 -1.96750   0.599    2.3656089       385.8594196
 -1.96500   0.599    2.3590378       386.4395074
 -1.96250   0.599    2.3532383       386.8569167
 -1.96000   0.599    2.3481271       387.1318098
 -1.95750   0.599    2.3436050       387.2855847
 -1.95500   0.599    2.3395588       387.3399690
 -1.95250   0.599    2.3358627       387.3161117
 -1.95000   0.599    2.3323796       387.2337029
 -1.94750   0.599    2.3289627       387.1101806
 -1.94500   0.599    2.3254546       386.9599450
 -1.94250   0.599    2.3216876       386.7937420
 -1.94000   0.599    2.3174812       386.6180801
 -1.93750   0.599    2.3126381       386.4346816
 -1.93500   0.599    2.3069385       386.2400385
 -1.93250   0.599    2.3001299       386.0249159
 -1.93000   0.599    2.2919113       385.7737628
 -1.92750   0.599    2.2819079       385.4638987
 -1.92500   0.599    2.2696295       385.0641687
 -1.92250   0.599    2.2543964       384.5324836
 -1.92000   0.599    2.2351994       383.8108760
 -1.91750   0.599    2.2104048       382.8144768
 -1.91500   0.599    2.1770204       381.4030133
 -1.91250   0.599    2.1283129       379.2857247
 -1.91000   0.599    2.0396924       375.4472229
 -1.90750   0.599    1.9032202       364.0301921
 -1.90500   0.599    1.9067326       361.2420890
 -1.90250   0.599    1.9092006       359.6715341
 -1.90000   0.599    1.9111632       358.5432160
 -1.89750   0.599    1.9128184       357.6143969
 -1.89500   0.599    1.9142690       356.7659784
 -1.89250   0.599    1.9155784       355.9251408
 -1.89000   0.599    1.9167896       355.0399167
 -1.88750   0.599    1.9179336       354.0679166
 -1.88500   0.599    1.9190330       352.9697761
 -1.88250   0.599    1.9201045       351.7038829
 -1.88000   0.599    1.9211596       350.2202346
 -1.87750   0.599    1.9222046       348.4505240
 -1.87500   0.599    1.9232401       346.2873526
 -1.87250   0.599    1.9242573       343.5275120
 -1.87000   0.599    1.9252140       339.6026617
 -1.86750   0.599    1.9257888       330.8347386
 -1.86500   0.599    1.9269702       330.6151057
 -1.86250   0.599    1.9282274       330.3876457
 -1.86000   0.599    1.9295216       330.0831592
 -1.85750   0.599    1.9308389       329.6894362
 -1.85500   0.599    1.9321705       329.2002849
 -1.85250   0.599    1.9335091       328.6123925
 -1.85000   0.599    1.9348481       327.9248285
 -1.84750   0.599    1.9361812       327.1391403
 -1.84500   0.599    1.9375026       326.2596611
 -1.84250   0.599    1.9388069       325.2939247
 -1.84000   0.599    1.9400891       324.2531605
 -1.83750   0.599    1.9413448       323.1528554
 -1.83500   0.599    1.9425699       322.0133901
 -1.83250   0.599    1.9437605       320.8607551
 -1.83000   0.599    1.9449134       319.7273615
 -1.82750   0.599    1.9460254       318.6529624
 -1.82500   0.599    1.9470936       317.6857051
 -1.82250   0.599    1.9481151       316.8833047
 -1.82000   0.599    1.9490875       316.3136566
 -1.81750   0.599    1.9500059       316.0620498
 -1.81500   0.599    1.9508698       316.2194035
 -1.81250   0.599    1.9516745       316.9006270
 -1.81000   0.599    1.9524160       318.2374506
 -1.80750   0.599    1.9530898       320.3839774
 -1.80500   0.599    1.9536903       323.5200576
 -1.80250   0.599    1.9542108       327.8553454
 -1.80000   0.599    1.9546432       333.6340290
 -1.79750   0.599    1.9549773       341.1402925
 -1.79500   0.599    1.9552006       350.7045431
 -1.79250   0.599    1.9552974       362.7103400
 -1.79000   0.599    1.9552477       377.6017623
 -1.78750   0.599    1.9550263       395.8905214
 -1.78500   0.599    1.9546004       418.1612260
 -1.78250   0.599    1.9539262       445.0713828
 -1.78000   0.599    1.9529534       477.3377708
 -1.77750   0.599    1.9516017       515.6943439
 -1.77500   0.599    1.9497735       560.7780558
 -1.77250   0.599    1.9473314       612.8484411
 -1.77000   0.599    1.9440838       671.0711632
 -1.76750   0.599    1.9397577       731.5306083
 -1.76500   0.599    1.9339582       780.6897177
 -1.76250   0.599    1.9261113       763.9271103
 -1.76000   0.599    1.9160139       272.6574641
 -1.75750   0.599    1.9009952       288.6685174
 -1.75500   0.599    1.8787167       322.7036483
 -1.75250   0.599    1.8451754       376.2425000
 -1.75000   0.599    1.7928543       460.0271095
 -1.74750   0.599    1.7081272       594.1823080
 -1.74500   0.599    1.5681456       811.5131120
 -1.74250   0.599    1.3492896      1141.5798676
 -1.74000   0.599    1.0972010      1501.6610764
 -1.73750   0.599    1.0230229      1569.1890166
 -1.73500   0.599    1.2067435      1254.3158632
 -1.73250   0.599    1.4472443       775.1816451
 -1.73000   0.599    1.6063246       635.9052129
 -1.72750   0.599    1.7134405       477.4945995
 -1.72500   0.599    1.7818479       378.3515367
 -1.72250   0.599    1.8270390       314.0175791
 -1.72000   0.599    1.8549444        98.0335779
 -1.71750   0.599    1.8802613       239.9647872
 -1.71500   0.599    1.8966000       217.7670536
 -1.71250   0.599    1.9089942       201.1663824
 -1.71000   0.599    1.9186299       188.4376178
 -1.70750   0.599    1.9262816       178.4651123
 -1.70500   0.599    1.9324711       170.5047010
 -1.70250   0.599    1.9375591       164.0461010
 -1.70000   0.599    1.9418013       158.7306904
 -1.69750   0.599    1.9453829       154.3008456
 -1.69500   0.599    1.9484405       150.5678332
 -1.69250   0.599    1.9510770       147.3909352
 -1.69000   0.599    1.9533705       144.6635562
 -1.68750   0.599    1.9553818       142.3037823
 -1.68500   0.599    1.9571583       140.2478406
 -1.68250   0.599    1.9587378       138.4454862
 -1.68000   0.599    1.9601504       136.8566993
 -1.67750   0.599    1.9614206       135.4492828
 -1.67500   0.599    1.9625684       134.1970919
 -1.67250   0.599    1.9636102       133.0787139
 -1.67000   0.599    1.9645597       132.0764712
 -1.66750   0.599    1.9654284       131.1756608
 -1.66500   0.599    1.9662257       130.3639685
 -1.66250   0.599    1.9669599       129.6310132
 -1.66000   0.599    1.9676380       128.9679893
 -1.65750   0.599    1.9682658       128.3673850
 -1.65500   0.599    1.9688485       127.8227552
 -1.65250   0.599    1.9693906       127.3285436
 -1.65000   0.599    1.9698958       126.8799343
 -1.64750   0.599    1.9703677       126.4727342
 -1.64500   0.599    1.9708090       126.1032761
 -1.64250   0.599    1.9712225       125.7683383
 -1.64000   0.599    1.9716104       125.4650792
 -1.63750   0.599    1.9719748       125.1909819
 -1.63500   0.599    1.9723174       124.9438090
 -1.63250   0.599    1.9726400       124.7215636
 -1.63000   0.599    1.9729439       124.5224577
 -1.62750   0.599    1.9732306       124.3448843
 -1.62500   0.599    1.9735010       124.1873900
 -1.62250   0.599    1.9737563       124.0486673
 -1.62000   0.599    1.9739975       123.9275237
 -1.61750   0.599    1.9742254       123.8228745
 -1.61500   0.599    1.9744409       123.7337286
 -1.61250   0.599    1.9746446       123.6591769
 -1.61000   0.599    1.9748372       123.5983464
 -1.60750   0.599    1.9750193       123.5505981
 -1.60500   0.599    1.9751915       123.5150717
 -1.60250   0.599    1.9753543       123.4911728
 -1.60000   0.599    1.9755081       123.4782814
 -1.59750   0.599    1.9756533       123.4758252
 -1.59500   0.599    1.9757905       123.4832698
 -1.59250   0.599    1.9759198       123.5001140
 -1.59000   0.599    1.9760418       123.5258875
 -1.58750   0.599    1.9761566       123.5601461
 -1.58500   0.599    1.9762646       123.6024707
 -1.58250   0.599    1.9763661       123.6524645
 -1.58000   0.599    1.9764612       123.7097505
 -1.57750   0.599    1.9765503       123.7739702
 -1.57500   0.599    1.9766336       123.8447815
 -1.57250   0.599    1.9767112       123.9218572
 -1.57000   0.599    1.9767833       124.0048838
 -1.56750   0.599    1.9768502       124.0935603
 -1.56500   0.599    1.9769120       124.1875969
 -1.56250   0.599    1.9769688       124.2867145
 -1.56000   0.599    1.9770213       124.3906535
 -1.55750   0.599    1.9770678       124.4991082
 -1.55500   0.599    1.9771107       124.6118789
 -1.55250   0.599    1.9771490       124.7286946
 -1.55000   0.599    1.9771830       124.8493158
 -1.54750   0.599    1.9772127       124.9735076
 -1.54500   0.599    1.9772384       125.1010403
 -1.54250   0.599    1.9772599       125.2316887
 -1.54000   0.599    1.9772775       125.3652316
 -1.53750   0.599    1.9772912       125.5014520
 -1.53500   0.599    1.9773011       125.6401360
 -1.53250   0.599    1.9773073       125.7810727
 -1.53000   0.599    1.9773097       125.9240539
 -1.52750   0.599    1.9773086       126.0688737
 -1.52500   0.599    1.9773038       126.2153282
 -1.52250   0.599    1.9772955       126.3632149
 -1.52000   0.599    1.9772837       126.5123335
 -1.51750   0.599    1.9772685       126.6624839
 -1.51500   0.599    1.9772498       126.8134672
 -1.51250   0.599    1.9772277       126.9650856
 -1.51000   0.599    1.9772023       127.1171410
 -1.50750   0.599    1.9771735       127.2694359
 -1.50500   0.599    1.9771415       127.4217724
 -1.50250   0.599    1.9771061       127.5739527
 -1.50000   0.599    1.9770674       127.7257781
 -1.49750   0.599    1.9770255       127.8770495
 -1.49500   0.599    1.9769803       128.0275667
 -1.49250   0.599    1.9769318       128.1771283
 -1.49000   0.599    1.9768801       128.3255316
 -1.48750   0.599    1.9768250       128.4725723
 -1.48500   0.599    1.9767668       128.6180444
 -1.48250   0.599    1.9767052       128.7617398
 -1.48000   0.599    1.9766403       128.9034480
 -1.47750   0.599    1.9765722       129.0429563
 -1.47500   0.599    1.9765007       129.1800490
 -1.47250   0.599    1.9764259       129.3145077
 -1.47000   0.599    1.9763477       129.4461106
 -1.46750   0.599    1.9762661       129.5746325
 -1.46500   0.599    1.9761810       129.6998443
 -1.46250   0.599    1.9760926       129.8215129
 -1.46000   0.599    1.9760006       129.9394010
 -1.45750   0.599    1.9759051       130.0532662
 -1.45500   0.599    1.9758060       130.1628615
 -1.45250   0.599    1.9757033       130.2679340
 -1.45000   0.599    1.9755969       130.3682255
 -1.44750   0.599    1.9754867       130.4634711
 -1.44500   0.599    1.9753728       130.5533994
 -1.44250   0.599    1.9752551       130.6377320
 -1.44000   0.599    1.9751334       130.7161825
 -1.43750   0.599    1.9750077       130.7884559
 -1.43500   0.599    1.9748780       130.8542503
 -1.43250   0.599    1.9747441       130.9132514
 -1.43000   0.599    1.9746060       130.9651365
 -1.42750   0.599    1.9744636       131.0095715
 -1.42500   0.599    1.9743168       131.0462102
 -1.42250   0.599    1.9741655       131.0746938
 -1.42000   0.599    1.9740095       131.0946497
 -1.41750   0.599    1.9738489       131.1056901
 -1.41500   0.599    1.9736835       131.1074111
 -1.41250   0.599    1.9735131       131.0993914
 -1.41000   0.599    1.9733376       131.0811904
 -1.40750   0.599    1.9731569       131.0523466
 -1.40500   0.599    1.9729709       131.0123761
 -1.40250   0.599    1.9727794       130.9607700
 -1.40000   0.599    1.9725822       130.8969922
 -1.39750   0.599    1.9723792       130.8204771
 -1.39500   0.599    1.9721703       130.7306259
 -1.39250   0.599    1.9719552       130.6268039
 -1.39000   0.599    1.9717338       130.5083362
 -1.38750   0.599    1.9715058       130.3745034
 -1.38500   0.599    1.9712711       130.2245370
 -1.38250   0.599    1.9710294       130.0576128
 -1.38000   0.599    1.9707806       129.8728449
 -1.37750   0.599    1.9705243       129.6692778
 -1.37500   0.599    1.9702603       129.4458768
 -1.37250   0.599    1.9699885       129.2015195
 -1.37000   0.599    1.9697084       128.9349794
 -1.36750   0.599    1.9694198       128.6449148
 -1.36500   0.599    1.9691224       128.3298495
 -1.36250   0.599    1.9688159       127.9881512
 -1.36000   0.599    1.9685000       127.6180061
 -1.35750   0.599    1.9681742       127.2173866
 -1.35500   0.599    1.9678382       126.7840126
 -1.35250   0.599    1.9674917       126.3153016
 -1.35000   0.599    1.9671342       125.8083067
 -1.34750   0.599    1.9667652       125.2596363
 -1.34500   0.599    1.9663843       124.6653521
 -1.34250   0.599    1.9659911       124.0208274
 -1.34000   0.599    1.9655850       123.3205656
 -1.33750   0.599    1.9651654       122.5579416
 -1.33500   0.599    1.9647319       121.7248404
 -1.33250   0.599    1.9642837       120.8111283
 -1.33000   0.599    1.9638202       119.8038559
 -1.32750   0.599    1.9633407       118.6859992
 -1.32500   0.599    1.9628446       117.4343681
 -1.32250   0.599    1.9623306       116.0158629
 -1.32000   0.599    1.9617982       114.3802140
 -1.31750   0.599    1.9612462       112.4438152
 -1.31500   0.599    1.9606732       110.0462900
 -1.31250   0.599    1.9600768       106.7847978
 -1.31000   0.599    1.9594468        99.8931725
 -1.30750   0.599    1.9586950        98.2266763
 -1.30500   0.599    1.9579841        98.5130935
 -1.30250   0.599    1.9572574        98.8125685
 -1.30000   0.599    1.9565082        99.1229982
 -1.29750   0.599    1.9557334        99.4441835
 -1.29500   0.599    1.9549305        99.7763495
 -1.29250   0.599    1.9540975       100.1198868
 -1.29000   0.599    1.9532324       100.4752782
 -1.28750   0.599    1.9523332       100.8430727
 -1.28500   0.599    1.9513979       101.2238777
 -1.28250   0.599    1.9504244       101.6183555
 -1.28000   0.599    1.9494168       102.0273719
 -1.27750   0.599    1.9483539       102.4512639
 -1.27500   0.599    1.9472521       102.8913147
 -1.27250   0.599    1.9461025       103.3482892
 -1.27000   0.599    1.9449023       103.8231753
 -1.26750   0.599    1.9436486       104.3170454
 -1.26500   0.599    1.9423381       104.8310654
 -1.26250   0.599    1.9409675       105.3665054
 -1.26000   0.599    1.9395330       105.9247521
 -1.25750   0.599    1.9380308       106.5073233
 -1.25500   0.599    1.9364566       107.1158845
 -1.25250   0.599    1.9348059       107.7522685
 -1.25000   0.599    1.9330737       108.4184984
 -1.24750   0.599    1.9312548       109.1168148
 -1.24500   0.599    1.9293434       109.8497078
 -1.24250   0.599    1.9273333       110.6199550
 -1.24000   0.599    1.9252177       111.4306682
 -1.23750   0.599    1.9229894       112.2853478
 -1.23500   0.599    1.9206403       113.1879508
 -1.23250   0.599    1.9181617       114.1429725
 -1.23000   0.599    1.9155442       115.1555481
 -1.22750   0.599    1.9127772       116.2315782
 -1.22500   0.599    1.9098492       117.3778863
 -1.22250   0.599    1.9067477       118.6024170
 -1.22000   0.599    1.9034586       119.9144895
 -1.21750   0.599    1.8999662       121.3251232
 -1.21500   0.599    1.8962532       122.8474613
 -1.21250   0.599    1.8923001       124.4973277
 -1.21000   0.599    1.8880847       126.2939689
 -1.20750   0.599    1.8835819       128.2610531
 -1.20500   0.599    1.8787631       130.4280461
 -1.20250   0.599    1.8735945       132.8320985
 -1.20000   0.599    1.8680371       135.5207466
 -1.19750   0.599    1.8620441       138.5557708
 -1.19500   0.599    1.8555589       142.0188748
 -1.19250   0.599    1.8485115       146.0202138
 -1.19000   0.599    1.8408134       150.7115317
 -1.18750   0.599    1.8323494       156.3069851
 -1.18500   0.599    1.8229647       163.1172311
 -1.18250   0.599    1.8124430       171.6073341
 -1.18000   0.599    1.8004691       182.4994412
 -1.17750   0.599    1.7865591       196.9641866
 -1.17500   0.599    1.7699257       216.9992867
 -1.17250   0.599    1.7491964       246.2334015
 -1.17000   0.599    1.7217721       291.7853619
 -1.16750   0.599    1.6822174       369.0306639
 -1.16500   0.599    1.6177281       515.3550318
 -1.16250   0.599    1.4942557       833.9317724
 -1.16000   0.599    1.2259617      1602.7459975
 -1.15750   0.599    0.8908280      2685.2251375
 -1.15500   0.599    1.1781404      1897.1208866
 -1.15250   0.599    1.4625961       977.1877731
 -1.15000   0.599    1.5638984       591.2469967
 -1.14750   0.599    1.5944845       422.7825177
 -1.14500   0.599    1.5976876       339.2886311
 -1.14250   0.599    1.5882642       293.7014574
 -1.14000   0.599    1.5719011       267.2156452
 -1.13750   0.599    1.5510794       251.3315363
 -1.13500   0.599    1.5270028       241.7941804
 -1.13250   0.599    1.5003200       236.2881374
 -1.13000   0.599    1.4714282       233.4612634
 -1.12750   0.599    1.4406170       232.4725663
 -1.12500   0.599    1.4081411       232.7663308
 -1.12250   0.599    1.3742642       233.9523008
 -1.12000   0.599    1.3392837       235.7389608
 -1.11750   0.599    1.3035522       237.8955745
 -1.11500   0.599    1.2674749       240.2272629
 -1.11250   0.599    1.2315236       242.5647849
 -1.11000   0.599    1.1962247       244.7562124
 -1.10750   0.599    1.1621483       246.6645439
 -1.10500   0.599    1.1298881       248.1679126
 -1.10250   0.599    1.1000352       249.1615737
 -1.10000   0.599    1.0731475       249.5608566
 -1.09750   0.599    1.0497175       249.3042219
 -1.09500   0.599    1.0301419       248.3556848
 -1.09250   0.599    1.0146966       246.7059962
 -1.09000   0.599    1.0035204       244.3721988
 -1.08750   0.599    0.9966091       241.3954541
 -1.08500   0.599    0.9938201       237.8373192
 -1.08250   0.599    0.9948878       233.7748853
 -1.08000   0.599    0.9994453       229.2953255
 -1.07750   0.599    1.0070513       224.4904303
 -1.07500   0.599    1.0172175       219.4516275
 -1.07250   0.599    1.0294351       214.2660919
 -1.07000   0.599    1.0431970       209.0124171
 -1.06750   0.599    1.0580155       203.7610322
 -1.06500   0.599    1.0734346       198.5706922
 -1.06250   0.599    1.0890371       193.4894579
 -1.06000   0.599    1.1044477       188.5548175
 -1.05750   0.599    1.1193314       183.7944655
 -1.05500   0.599    1.1333897       179.2273135
 -1.05250   0.599    1.1463543       174.8645862
 -1.05000   0.599    1.1579783       170.7108835
 -1.04750   0.599    1.1680262       166.7651184
 -1.04500   0.599    1.1762603       163.0212553
 -1.04250   0.599    1.1824249       159.4687665
 -1.04000   0.599    1.1862228       156.0926948
 -1.03750   0.599    1.1872823       152.8731164
 -1.03500   0.599    1.1851020       149.7835702
 -1.03250   0.599    1.1789511       146.7874344
 -1.03000   0.599    1.1676636       143.8295101
 -1.02750   0.599    1.1491296       140.8138281
 -1.02500   0.599    1.1186256       137.5272921
 -1.02250   0.599    1.0580523       133.1245533
 -1.02000   0.599    0.9802734       129.4912004
 -1.01750   0.599    0.9791771       129.7976689
 -1.01500   0.599    0.9783204       129.9946087
 -1.01250   0.599    0.9775336       130.1417541
 -1.01000   0.599    0.9767694       130.2595618
 -1.00750   0.599    0.9760058       130.3577873
 -1.00500   0.599    0.9752300       130.4418381
 -1.00250   0.599    0.9744330       130.5149925
 -1.00000   0.599    0.9736079       130.5793669
 -0.99750   0.599    0.9727488       130.6364042
 -0.99500   0.599    0.9718502       130.6871372
 -0.99250   0.599    0.9709070       130.7323510
 -0.99000   0.599    0.9699140       130.7726797
 -0.98750   0.599    0.9688659       130.8086704
 -0.98500   0.599    0.9677571       130.8408263
 -0.98250   0.599    0.9665816       130.8696361
 -0.98000   0.599    0.9653331       130.8955943
 -0.97750   0.599    0.9640047       130.9192164
 -0.97500   0.599    0.9625889       130.9410494
 -0.97250   0.599    0.9610774       130.9616793
 -0.97000   0.599    0.9594612       130.9817375
 -0.96750   0.599    0.9577301       131.0019045
 -0.96500   0.599    0.9558732       131.0229137
 -0.96250   0.599    0.9538779       131.0455542
 -0.96000   0.599    0.9517306       131.0706730
 -0.95750   0.599    0.9494157       131.0991770
 -0.95500   0.599    0.9469157       131.1320361
 -0.95250   0.599    0.9442112       131.1702847
 -0.95000   0.599    0.9412798       131.2150256
 -0.94750   0.599    0.9380964       131.2674331
 -0.94500   0.599    0.9346321       131.3287581
 -0.94250   0.599    0.9308538       131.4003337
 -0.94000   0.599    0.9267235       131.4835827
 -0.93750   0.599    0.9221971       131.5800273
 -0.93500   0.599    0.9172230       131.6913010
 -0.93250   0.599    0.9117409       131.8191645
 -0.93000   0.599    0.9056795       131.9655252
 -0.92750   0.599    0.8989538       132.1324639
 -0.92500   0.599    0.8914616       132.3222678
 -0.92250   0.599    0.8830791       132.5374751
 -0.92000   0.599    0.8736539       132.7809346
 -0.91750   0.599    0.8629967       133.0558856
 -0.91500   0.599    0.8508685       133.3660692
 -0.91250   0.599    0.8369621       133.7158857
 -0.91000   0.599    0.8208745       134.1106242
 -0.90750   0.599    0.8020636       134.5568090
 -0.90500   0.599    0.7797775       135.0627479
 -0.90250   0.599    0.7529322       135.6394466
 -0.90000   0.599    0.7198830       136.3022479
 -0.89750   0.599    0.6779562       137.0740702
 -0.89500   0.599    0.6223429       137.9927387
 -0.89250   0.599    0.5428520       139.1315554
 -0.89000   0.599    0.4094586       140.6860496
 -0.88750   0.599    0.0023825       140.0308778
 -0.88500   0.599    0.0006986       134.1444194
 -0.88250   0.599    0.0004377       130.7777780
 -0.88000   0.599    0.0003191       128.1612341
 -0.87750   0.599    0.0002495       125.9467261
 -0.87500   0.599    0.0002033       123.9916321
 -0.87250   0.599    0.0001702       122.2213265
 -0.87000   0.599    0.0001453       120.5912033
 -0.86750   0.599    0.0001260       119.0722300
 -0.86500   0.599    0.0001105       117.6443521
 -0.86250   0.599    0.0000978       116.2930816
 -0.86000   0.599    0.0000873       115.0075993
 -0.85750   0.599    0.0000784       113.7795873
 -0.85500   0.599    0.0000709       112.6025080
 -0.85250   0.599    0.0000644       111.4711223
 -0.85000   0.599    0.0000587       110.3811606
 -0.84750   0.599    0.0000537       109.3290922
 -0.84500   0.599    0.0000494       108.3119593
 -0.84250   0.599    0.0000455       107.3272546
 -0.84000   0.599    0.0000420       106.3728524
 -0.83750   0.599    0.0000390       105.4468289
 -0.83500   0.599    0.0000362       104.5476292
 -0.83250   0.599    0.0000337       103.6738048
 -0.83000   0.599    0.0000314       102.8240918
 -0.82750   0.599    0.0000293       101.9973625
 -0.82500   0.599    0.0000275       101.1926042
 -0.82250   0.599    0.0000257       100.4089025
 -0.82000   0.599    0.0000242        99.6454274
 -0.81750   0.599    0.0000227        98.9014220
 -0.81500   0.599    0.0000214        98.1761933
 -0.81250   0.599    0.0000202        97.4691041
 -0.81000   0.599    0.0000190        96.7795666
 -0.80750   0.599    0.0000180        96.1070371
 -0.80500   0.599    0.0000170        95.4510111
 -0.80250   0.599    0.0000161        94.8110193
 -0.80000   0.599    0.0000153        94.1866245
 -0.79750   0.599    0.0000145        93.5774182
 -0.79500   0.599    0.0000138        92.9830184
 -0.79250   0.599    0.0000131        92.4030671
 -0.79000   0.599    0.0000124        91.8372286
 -0.78750   0.599    0.0000118        91.2851875
 -0.78500   0.599    0.0000113        90.7466472
 -0.78250   0.599    0.0000107        90.2213284
 -0.78000   0.599    0.0000103        89.7089681
 -0.77750   0.599    0.0000098        89.2093180
 -0.77500   0.599    0.0000093        88.7221439
 -0.77250   0.599    0.0000089        88.2472244
 -0.77000   0.599    0.0000085        87.7843501
 -0.76750   0.599    0.0000082        87.3333227
 -0.76500   0.599    0.0000078        86.8939540
 -0.76250   0.599    0.0000075        86.4660664
 -0.76000   0.599    0.0000072        86.0494898
 -0.75750   0.599    0.0000069        85.6440631
 -0.75500   0.599    0.0000066        85.2496328
 -0.75250   0.599    0.0000063        84.8660523
 -0.75000   0.599    0.0000061        84.4931814
 -0.74750   0.599    0.0000059        84.1308858
 -0.74500   0.599    0.0000056        83.7790367
 -0.74250   0.599    0.0000054        83.4375099
 -0.74000   0.599    0.0000052        83.1061860
 -0.73750   0.599    0.0000050        82.7849279
 -0.73500   0.599    0.0000048        82.4736872
 -0.73250   0.599    0.0000046        82.1722910
 -0.73000   0.599    0.0000045        81.8806542
 -0.72750   0.599    0.0000043        81.5986726
 -0.72500   0.599    0.0000042        81.3262439
 -0.72250   0.599    0.0000040        81.0632677
 -0.72000   0.599    0.0000039        80.8096442
 -0.71750   0.599    0.0000037        80.5652751
 -0.71500   0.599    0.0000036        80.3300624
 -0.71250   0.599    0.0000035        80.1039082
 -0.71000   0.599    0.0000034        79.8867149
 -0.70750   0.599    0.0000032        79.6783845
 -0.70500   0.599    0.0000031        79.4788185
 -0.70250   0.599    0.0000030        79.2879173
 -0.70000   0.599    0.0000029        79.1055806
 -0.69750   0.599    0.0000028        78.9317066
 -0.69500   0.599    0.0000027        78.7661923
 -0.69250   0.599    0.0000027        78.6089326
 -0.69000   0.599    0.0000026        78.4598207
 -0.68750   0.599    0.0000025        78.3187478
 -0.68500   0.599    0.0000024        78.1856027
 -0.68250   0.599    0.0000023        78.0602718
 -0.68000   0.599    0.0000023        77.9426389
 -0.67750   0.599    0.0000022        77.8325851
 -0.67500   0.599    0.0000021        77.7299886
 -0.67250   0.599    0.0000021        77.6347244
 -0.67000   0.599    0.0000020        77.5466647
 -0.66750   0.599    0.0000019        77.4656782
 -0.66500   0.599    0.0000019        77.3916301
 -0.66250   0.599    0.0000018        77.3243824
 -0.66000   0.599    0.0000018        77.2637934
 -0.65750   0.599    0.0000017        77.2097177
 -0.65500   0.599    0.0000017        77.1620061
 -0.65250   0.599    0.0000016        77.1205055
 -0.65000   0.599    0.0000016        77.0850591
 -0.64750   0.599    0.0000015        77.0555058
 -0.64500   0.599    0.0000015        77.0316806
 -0.64250   0.599    0.0000014        77.0134144
 -0.64000   0.599    0.0000014        77.0005337
 -0.63750   0.599    0.0000014        76.9928610
 -0.63500   0.599    0.0000013        76.9902142
 -0.63250   0.599    0.0000013        76.9924070
 -0.63000   0.599    0.0000013        76.9992486
 -0.62750   0.599    0.0000012        77.0105438
 -0.62500   0.599    0.0000012        77.0260929
 -0.62250   0.599    0.0000012        77.0456912
 -0.62000   0.599    0.0000011        77.0691299
 -0.61750   0.599    0.0000011        77.0961953
 -0.61500   0.599    0.0000011        77.1266690
 -0.61250   0.599    0.0000010        77.1603276
 -0.61000   0.599    0.0000010        77.1969431
 -0.60750   0.599    0.0000010        77.2362825
 -0.60500   0.599    0.0000010        77.2781077
 -0.60250   0.599    0.0000009        77.3221759
 -0.60000   0.599    0.0000009        77.3682389
 -0.59750   0.599    0.0000009        77.4160434
 -0.59500   0.599    0.0000009        77.4653308
 -0.59250   0.599    0.0000008        77.5158373
 -0.59000   0.599    0.0000008        77.5672934
 -0.58750   0.599    0.0000008        77.6194244
 -0.58500   0.599    0.0000008        77.6719497
 -0.58250   0.599    0.0000008        77.7245831
 -0.58000   0.599    0.0000007        77.7770322
 -0.57750   0.599    0.0000007        77.8289990
 -0.57500   0.599    0.0000007        77.8801789
 -0.57250   0.599    0.0000007        77.9302612
 -0.57000   0.599    0.0000007        77.9789285
 -0.56750   0.599    0.0000007        78.0258567
 -0.56500   0.599    0.0000006        78.0707148
 -0.56250   0.599    0.0000006        78.1131644
 -0.56000   0.599    0.0000006        78.1528598
 -0.55750   0.599    0.0000006        78.1894475
 -0.55500   0.599    0.0000006        78.2225658
 -0.55250   0.599    0.0000006        78.2518445
 -0.55000   0.599    0.0000006        78.2769048
 -0.54750   0.599    0.0000005        78.2973586
 -0.54500   0.599    0.0000005        78.3128078
 -0.54250   0.599    0.0000005        78.3228445
 -0.54000   0.599    0.0000005        78.3270497
 -0.53750   0.599    0.0000005        78.3249931
 -0.53500   0.599    0.0000005        78.3162324
 -0.53250   0.599    0.0000005        78.3003122
 -0.53000   0.599    0.0000005        78.2767636
 -0.52750   0.599    0.0000004        78.2451031
 -0.52500   0.599    0.0000004        78.2048316
 -0.52250   0.599    0.0000004        78.1554329
 -0.52000   0.599    0.0000004        78.0963731
 -0.51750   0.599    0.0000004        78.0270985
 -0.51500   0.599    0.0000004        77.9470346
 -0.51250   0.599    0.0000004        77.8555838
 -0.51000   0.599    0.0000004        77.7521235
 -0.50750   0.599    0.0000004        77.6360100
 -0.50500   0.599    0.0000004        77.5065463
 -0.50250   0.599    0.0000003        77.3630377
 -0.50000   0.599    0.0000003        77.2047300
 -0.49750   0.599    0.0000003        77.0308350
 -0.49500   0.599    0.0000003        76.8405201
 -0.49250   0.599    0.0000003        76.6329034
 -0.49000   0.599    0.0000003        76.4070475
 -0.48750   0.599    0.0000003        76.1619528
 -0.48500   0.599    0.0000003        75.8965495
 -0.48250   0.599    0.0000003        75.6096876
 -0.48000   0.599    0.0000003        75.3001264
 -0.47750   0.599    0.0000003        74.9665200
 -0.47500   0.599    0.0000003        74.6074017
 -0.47250   0.599    0.0000002        74.2211640
 -0.47000   0.599    0.0000002        73.8060342
 -0.46750   0.599    0.0000002        73.3600444
 -0.46500   0.599    0.0000002        72.8809938
 -0.46250   0.599    0.0000002        72.3664015
 -0.46000   0.599    0.0000002        71.8131596
 -0.45750   0.599    0.0000002        71.2188788
 -0.45500   0.599    0.0000002        70.5789328
 -0.45250   0.599    0.0000002        69.8891647
 -0.45000   0.599    0.0000002        69.1442644
 -0.44750   0.599    0.0000002        68.3377728
 -0.44500   0.599    0.0000002        67.4616756
 -0.44250   0.599    0.0000002        66.5057542
 -0.44000   0.599    0.0000002        65.4566479
 -0.43750   0.599    0.0000001        64.2961444
 -0.43500   0.599    0.0000001        62.9982258
 -0.43250   0.599    0.0000001        61.5231790
 -0.43000   0.599    0.0000001        59.8043404
 -0.42750   0.599    0.0000001        57.7114958
 -0.42500   0.599    0.0000001        54.9038886
 -0.42250   0.599    0.0000001        48.3299794
 -0.42000   0.599    0.0000001        48.2723745
 -0.41750   0.599    0.0000001        48.2496216
 -0.41500   0.599    0.0000001        48.2181391
 -0.41250   0.599    0.0000001        48.1761333
 -0.41000   0.599    0.0000001        48.1228380
 -0.40750   0.599    0.0000001        48.0576973
 -0.40500   0.599    0.0000001        47.9802162
 -0.40250   0.599    0.0000001        47.8899167
 -0.40000   0.599    0.0000001        47.7863206
 -0.39750   0.599    0.0000001        47.6689414
 -0.39500   0.599    0.0000001        47.5372795
 -0.39250   0.599    0.0000001        47.3908187
 -0.39000   0.599    0.0000001        47.2290238
 -0.38750   0.599    0.0000000        47.0513376
 -0.38500   0.599    0.0000000        46.8571792
 -0.38250   0.599    0.0000000        46.6459406
 -0.38000   0.599    0.0000000        46.4169846
 -0.37750   0.599    0.0000000        46.1696416
 -0.37500   0.599    0.0000000        45.9032061
 -0.37250   0.599    0.0000000        45.6169330
 -0.37000   0.599    0.0000000        45.3100337
 -0.36750   0.599    0.0000000        44.9816708
 -0.36500   0.599    0.0000000        44.6309532
 -0.36250   0.599    0.0000000        44.2569294
 -0.36000   0.599    0.0000000        43.8585807
 -0.35750   0.599    0.0000000        43.4348126
 -0.35500   0.599    0.0000000        42.9844453
 -0.35250   0.599    0.0000000        42.5062025
 -0.35000   0.599    0.0000000        41.9986980
 -0.34750   0.599    0.0000000        41.4604202
 -0.34500   0.599    0.0000000        40.8897131
 -0.34250   0.599    0.0000000        40.2847541
 -0.34000   0.599    0.0000000        39.6435269
 -0.33750   0.599    0.0000000        38.9637883
 -0.33500   0.599    0.0000000        38.2430275
 -0.33250   0.599    0.0000000        37.4784151
 -0.33000   0.599    0.0000000        36.6667395
 -0.32750   0.599    0.0000000        35.8043252
 -0.32500   0.599    0.0000000        34.8869273
 -0.32250   0.599    0.0000000        33.9095928
 -0.32000   0.599    0.0000000        32.8664752
 -0.31750   0.599    0.0000000        31.7505800
 -0.31500   0.599    0.0000000        30.5534097
 -0.31250   0.599    0.0000000        29.2644514
 -0.31000   0.599    0.0000000        27.8704135
 -0.30750   0.599    0.0000000        26.3540432
 -0.30500   0.599    0.0000000        24.6922000
 -0.30250   0.599    0.0000000        22.8525155
 -0.30000   0.599    0.0000000        20.7871159
 -0.29750   0.599    0.0000000        18.4194322
 -0.29500   0.599    0.0000000        15.6115869
 -0.29250   0.599    0.0000000        12.0586578
 -0.29000   0.599    0.0000000         6.6560036
 -0.28750   0.599    0.0000000         0.0344325
 -0.28500   0.599    0.0000000         0.0239038
 -0.28250   0.599    0.0000000         0.0204692
 -0.28000   0.599    0.0000000         0.0186313
 -0.27750   0.599    0.0000000         0.0174507
 -0.27500   0.599    0.0000000         0.0166141
 -0.27250   0.599    0.0000000         0.0159836
 -0.27000   0.599    0.0000000         0.0154876
 -0.26750   0.599    0.0000000         0.0150853
 -0.26500   0.599    0.0000000         0.0147509
 -0.26250   0.599    0.0000000         0.0144678
 -0.26000   0.599    0.0000000         0.0142245
 -0.25750   0.599    0.0000000         0.0140126
 -0.25500   0.599    0.0000000         0.0138262
 -0.25250   0.599    0.0000000         0.0136607
 -0.25000   0.599    0.0000000         0.0135126
 -0.24750   0.599    0.0000000         0.0133793
 -0.24500   0.599    0.0000000         0.0132584
 -0.24250   0.599    0.0000000         0.0131484
 -0.24000   0.599    0.0000000         0.0130476
 -0.23750   0.599    0.0000000         0.0129551
 -0.23500   0.599    0.0000000         0.0128697
 -0.23250   0.599    0.0000000         0.0127908
 -0.23000   0.599    0.0000000         0.0127174
 -0.22750   0.599    0.0000000         0.0126492
 -0.22500   0.599    0.0000000         0.0125855
 -0.22250   0.599    0.0000000         0.0125259
 -0.22000   0.599    0.0000000         0.0124701
 -0.21750   0.599    0.0000000         0.0124176
 -0.21500   0.599    0.0000000         0.0123683
 -0.21250   0.599    0.0000000         0.0123218
 -0.21000   0.599    0.0000000         0.0122779
 -0.20750   0.599    0.0000000         0.0122364
 -0.20500   0.599    0.0000000         0.0121972
 -0.20250   0.599    0.0000000         0.0121600
 -0.20000   0.599    0.0000000         0.0121247
 -0.19750   0.599    0.0000000         0.0120912
 -0.19500   0.599    0.0000000         0.0120593
 -0.19250   0.599    0.0000000         0.0120290
 -0.19000   0.599    0.0000000         0.0120002
 -0.18750   0.599    0.0000000         0.0119727
 -0.18500   0.599    0.0000000         0.0119465
 -0.18250   0.599    0.0000000         0.0119215
 -0.18000   0.599    0.0000000         0.0118977
 -0.17750   0.599    0.0000000         0.0118749
 -0.17500   0.599    0.0000000         0.0118531
 -0.17250   0.599    0.0000000         0.0118323
 -0.17000   0.599    0.0000000         0.0118124
 -0.16750   0.599    0.0000000         0.0117934
 -0.16500   0.599    0.0000000         0.0117752
 -0.16250   0.599    0.0000000         0.0117578
 -0.16000   0.599    0.0000000         0.0117412
 -0.15750   0.599    0.0000000         0.0117252
 -0.15500   0.599    0.0000000         0.0117100
 -0.15250   0.599    0.0000000         0.0116954
 -0.15000   0.599    0.0000000         0.0116814
 -0.14750   0.599    0.0000000         0.0116680
 -0.14500   0.599    0.0000000         0.0116553
 -0.14250   0.599    0.0000000         0.0116430
 -0.14000   0.599    0.0000000         0.0116313
 -0.13750   0.599    0.0000000         0.0116201
 -0.13500   0.599    0.0000000         0.0116095
 -0.13250   0.599    0.0000000         0.0115993
 -0.13000   0.599    0.0000000         0.0115895
 -0.12750   0.599    0.0000000         0.0115802
 -0.12500   0.599    0.0000000         0.0115714
 -0.12250   0.599    0.0000000         0.0115629
 -0.12000   0.599    0.0000000         0.0115549
 -0.11750   0.599    0.0000000         0.0115473
 -0.11500   0.599    0.0000000         0.0115400
 -0.11250   0.599    0.0000000         0.0115331
 -0.11000   0.599    0.0000000         0.0115266
 -0.10750   0.599    0.0000000         0.0115205
 -0.10500   0.599    0.0000000         0.0115146
 -0.10250   0.599    0.0000000         0.0115092
 -0.10000   0.599    0.0000000         0.0115040
 -0.09750   0.599    0.0000000         0.0114992
 -0.09500   0.599    0.0000000         0.0114947
 -0.09250   0.599    0.0000000         0.0114905
 -0.09000   0.599    0.0000000         0.0114865
 -0.08750   0.599    0.0000000         0.0114829
 -0.08500   0.599    0.0000000         0.0114796
 -0.08250   0.599    0.0000000         0.0114766
 -0.08000   0.599    0.0000000         0.0114738
 -0.07750   0.599    0.0000000         0.0114713
 -0.07500   0.599    0.0000000         0.0114691
 -0.07250   0.599    0.0000000         0.0114672
 -0.07000   0.599    0.0000000         0.0114655
 -0.06750   0.599    0.0000000         0.0114641
 -0.06500   0.599    0.0000000         0.0114629
 -0.06250   0.599    0.0000000         0.0114620
 -0.06000   0.599    0.0000000         0.0114614
 -0.05750   0.599    0.0000000         0.0114610
 -0.05500   0.599    0.0000000         0.0114608
 -0.05250   0.599    0.0000000         0.0114609
 -0.05000   0.599    0.0000000         0.0114612
 -0.04750   0.599    0.0000000         0.0114618
 -0.04500   0.599    0.0000000         0.0114626
 -0.04250   0.599    0.0000000         0.0114636
 -0.04000   0.599    0.0000000         0.0114649
 -0.03750   0.599    0.0000000         0.0114664
 -0.03500   0.599    0.0000000         0.0114682
 -0.03250   0.599    0.0000000         0.0114702
 -0.03000   0.599    0.0000000         0.0114724
 -0.02750   0.599    0.0000000         0.0114749
 -0.02500   0.599    0.0000000         0.0114776
 -0.02250   0.599    0.0000000         0.0114805
 -0.02000   0.599    0.0000000         0.0114837
 -0.01750   0.599    0.0000000         0.0114871
 -0.01500   0.599    0.0000000         0.0114907
 -0.01250   0.599    0.0000000         0.0114946
 -0.01000   0.599    0.0000000         0.0114987
 -0.00750   0.599    0.0000000         0.0115031
 -0.00500   0.599    0.0000000         0.0115077
 -0.00250   0.599    0.0000000         0.0115125
  0.00000   0.599    0.0000000         0.0115176
