 -2.00000   0.601    2.5255619       360.4074519
 -1.99750   0.601    2.5096071       363.3518667
 -1.99500   0.601    2.4939332       366.1938272
 -1.99250   0.601    2.4786434       368.9103583
 -1.99000   0.601    2.4638390       371.4795128
 -1.98750   0.601    2.4496170       373.8811156
 -1.98500   0.601    2.4360670       376.0975160
 -1.98250   0.601    2.4232680       378.1142843
 -1.98000   0.601    2.4112859       379.9208155
 -1.97750   0.601    2.4001706       381.5108472
 -1.97500   0.601    2.3899550       382.8835943
 -1.97250   0.601    2.3806485       384.0345014
 -1.97000   0.601    2.3722496       384.9829210
 -1.96750   0.601    2.3647272       385.7330208
 -1.96500   0.601    2.3580343       386.3008274
 -1.96250   0.601    2.3521042       386.7044095
 -1.96000   0.601    2.3468525       386.9638990
 -1.95750   0.601    2.3421785       387.1006754
 -1.95500   0.601    2.3379671       387.1364595
 -1.95250   0.601    2.3340901       387.0924032
 -1.95000   0.601    2.3304074       386.9882105
 -1.94750   0.601    2.3267681       386.8412639
 -1.94500   0.601    2.3230102       386.6660020
 -1.94250   0.601    2.3189592       386.4730531
 -1.94000   0.601    2.3144262       386.2687803
 -1.93750   0.601    2.3092028       386.0546679
 -1.93500   0.601    2.3030543       385.8268023
 -1.93250   0.601    2.2957071       385.5753034
 -1.93000   0.601    2.2868304       385.2836139
 -1.92750   0.601    2.2760054       384.9274550
 -1.92500   0.601    2.2626736       384.4732373
 -1.92250   0.601    2.2460411       383.8739312
 -1.92000   0.601    2.2248962       383.0639267
 -1.91750   0.601    2.1971911       381.9414467
 -1.91500   0.601    2.1589173       380.3247746
 -1.91250   0.601    2.0997657       377.7766068
 -1.91000   0.601    1.9467932       371.2558790
 -1.90750   0.601    1.9040345       362.3047157
 -1.90500   0.601    1.9070987       360.2099784
 -1.90250   0.601    1.9093872       358.8972649
 -1.90000   0.601    1.9112516       357.9151840
 -1.89750   0.601    1.9128452       357.0856835
 -1.89500   0.601    1.9142542       356.3127783
 -1.89250   0.601    1.9155341       355.5346637
 -1.89000   0.601    1.9167239       354.7058957
 -1.88750   0.601    1.9178522       353.7888870
 -1.88500   0.601    1.9189403       352.7486895
 -1.88250   0.601    1.9200042       351.5487085
 -1.88000   0.601    1.9210549       350.1457835
 -1.87750   0.601    1.9220995       348.4826487
 -1.87500   0.601    1.9231394       346.4731015
 -1.87250   0.601    1.9241691       343.9656391
 -1.87000   0.601    1.9251678       340.6216110
 -1.86750   0.601    1.9260284       334.9795547
 -1.86500   0.601    1.9268218       329.8763259
 -1.86250   0.601    1.9280631       329.6401357
 -1.86000   0.601    1.9293525       329.3392953
 -1.85750   0.601    1.9306681       328.9557297
 -1.85500   0.601    1.9320000       328.4820054
 -1.85250   0.601    1.9333403       327.9141807
 -1.85000   0.601    1.9346819       327.2507270
 -1.84750   0.601    1.9360184       326.4924637
 -1.84500   0.601    1.9373439       325.6428052
 -1.84250   0.601    1.9386528       324.7081456
 -1.84000   0.601    1.9399400       323.6983286
 -1.83750   0.601    1.9412010       322.6271908
 -1.83500   0.601    1.9424316       321.5131704
 -1.83250   0.601    1.9436279       320.3799986
 -1.83000   0.601    1.9447865       319.2574748
 -1.82750   0.601    1.9459041       318.1823473
 -1.82500   0.601    1.9469779       317.1993157
 -1.82250   0.601    1.9480049       316.3621626
 -1.82000   0.601    1.9489823       315.7349145
 -1.81750   0.601    1.9499060       315.3961224
 -1.81500   0.601    1.9507751       315.4311438
 -1.81250   0.601    1.9515846       315.9489764
 -1.81000   0.601    1.9523306       317.0729916
 -1.80750   0.601    1.9530086       318.9481766
 -1.80500   0.601    1.9536130       321.7438992
 -1.80250   0.601    1.9541371       325.6577307
 -1.80000   0.601    1.9545727       330.9199339
 -1.79750   0.601    1.9549097       337.7986782
 -1.79500   0.601    1.9551354       346.6060338
 -1.79250   0.601    1.9552342       357.7047414
 -1.79000   0.601    1.9551860       371.5156073
 -1.78750   0.601    1.9549654       388.5250645
 -1.78500   0.601    1.9545396       409.2917840
 -1.78250   0.601    1.9538660       434.4498392
 -1.78000   0.601    1.9528898       464.7027978
 -1.77750   0.601    1.9515345       500.7970921
 -1.77500   0.601    1.9497008       543.4456152
 -1.77250   0.601    1.9472504       593.1358753
 -1.77000   0.601    1.9439905       649.6458675
 -1.76750   0.601    1.9396462       710.7518645
 -1.76500   0.601    1.9338176       768.3027661
 -1.76250   0.601    1.9259138       792.6767585
 -1.76000   0.601    1.9151220       586.3556121
 -1.75750   0.601    1.9006555       291.8432999
 -1.75500   0.601    1.8783283       324.7478050
 -1.75250   0.601    1.8446120       378.1251837
 -1.75000   0.601    1.7919614       462.1889967
 -1.74750   0.601    1.7066507       597.0806063
 -1.74500   0.601    1.5657115       815.6995958
 -1.74250   0.601    1.3457895      1147.0723123
 -1.74000   0.601    1.0944464      1505.4854477
 -1.73750   0.601    1.0241737      1566.8019704
 -1.73500   0.601    1.2100132      1248.9690688
 -1.73250   0.601    1.4412609       885.9560049
 -1.73000   0.601    1.6080088       633.3251318
 -1.72750   0.601    1.7144656       475.9460556
 -1.72500   0.601    1.7824832       377.3991843
 -1.72250   0.601    1.8274445       313.4094093
 -1.72000   0.601    1.8583680       270.1171890
 -1.71750   0.601    1.8804405       239.6876737
 -1.71500   0.601    1.8967224       217.5700803
 -1.71250   0.601    1.9090784       201.0217680
 -1.71000   0.601    1.9186877       188.3279920
 -1.70750   0.601    1.9263209       178.3792836
 -1.70500   0.601    1.9324969       170.4352661
 -1.70250   0.601    1.9375751       163.9880488
 -1.70000   0.601    1.9418100       158.6805604
 -1.69750   0.601    1.9453861       154.2562064
 -1.69500   0.601    1.9484396       150.5269508
 -1.69250   0.601    1.9510729       147.3525563
 -1.69000   0.601    1.9533640       144.6267649
 -1.68750   0.601    1.9553734       142.2679029
 -1.68500   0.601    1.9571485       140.2123699
 -1.68250   0.601    1.9587268       138.4100474
 -1.68000   0.601    1.9601386       136.8210081
 -1.67750   0.601    1.9614081       135.4131236
 -1.67500   0.601    1.9625554       134.1603008
 -1.67250   0.601    1.9635967       133.0411615
 -1.67000   0.601    1.9645461       132.0380706
 -1.66750   0.601    1.9654146       131.1363344
 -1.66500   0.601    1.9662118       130.3236603
 -1.66250   0.601    1.9669460       129.5896803
 -1.66000   0.601    1.9676240       128.9255993
 -1.65750   0.601    1.9682519       128.3239128
 -1.65500   0.601    1.9688346       127.7781827
 -1.65250   0.601    1.9693768       127.2828568
 -1.65000   0.601    1.9698821       126.8331232
 -1.64750   0.601    1.9703541       126.4247919
 -1.64500   0.601    1.9707955       126.0541978
 -1.64250   0.601    1.9712091       125.7181212
 -1.64000   0.601    1.9715972       125.4137220
 -1.63750   0.601    1.9719617       125.1384846
 -1.63500   0.601    1.9723045       124.8901725
 -1.63250   0.601    1.9726272       124.6667897
 -1.63000   0.601    1.9729313       124.4665485
 -1.62750   0.601    1.9732181       124.2878423
 -1.62500   0.601    1.9734887       124.1292218
 -1.62250   0.601    1.9737442       123.9893759
 -1.62000   0.601    1.9739856       123.8671139
 -1.61750   0.601    1.9742137       123.7613519
 -1.61500   0.601    1.9744293       123.6710991
 -1.61250   0.601    1.9746332       123.5954480
 -1.61000   0.601    1.9748260       123.5335684
 -1.60750   0.601    1.9750083       123.4846306
 -1.60500   0.601    1.9751807       123.4480868
 -1.60250   0.601    1.9753436       123.4231194
 -1.60000   0.601    1.9754976       123.4091692
 -1.59750   0.601    1.9756430       123.4056646
 -1.59500   0.601    1.9757803       123.4120717
 -1.59250   0.601    1.9759099       123.4278902
 -1.59000   0.601    1.9760320       123.4526501
 -1.58750   0.601    1.9761470       123.4859083
 -1.58500   0.601    1.9762552       123.5272466
 -1.58250   0.601    1.9763569       123.5762688
 -1.58000   0.601    1.9764522       123.6325990
 -1.57750   0.601    1.9765415       123.6958795
 -1.57500   0.601    1.9766249       123.7657690
 -1.57250   0.601    1.9767028       123.8419413
 -1.57000   0.601    1.9767751       123.9240841
 -1.56750   0.601    1.9768422       124.0118971
 -1.56500   0.601    1.9769042       124.1050916
 -1.56250   0.601    1.9769612       124.2033894
 -1.56000   0.601    1.9770135       124.3065234
 -1.55750   0.601    1.9770605       124.4142131
 -1.55500   0.601    1.9771037       124.5262427
 -1.55250   0.601    1.9771423       124.6423410
 -1.55000   0.601    1.9771765       124.7622730
 -1.54750   0.601    1.9772065       124.8858053
 -1.54500   0.601    1.9772323       125.0127094
 -1.54250   0.601    1.9772541       125.1427614
 -1.54000   0.601    1.9772720       125.2757417
 -1.53750   0.601    1.9772859       125.4114344
 -1.53500   0.601    1.9772961       125.5496272
 -1.53250   0.601    1.9773025       125.6901107
 -1.53000   0.601    1.9773052       125.8326781
 -1.52750   0.601    1.9773043       125.9771251
 -1.52500   0.601    1.9772998       126.1232494
 -1.52250   0.601    1.9772918       126.2708503
 -1.52000   0.601    1.9772802       126.4197287
 -1.51750   0.601    1.9772653       126.5696866
 -1.51500   0.601    1.9772469       126.7205269
 -1.51250   0.601    1.9772251       126.8720533
 -1.51000   0.601    1.9772000       127.0240698
 -1.50750   0.601    1.9771716       127.1763807
 -1.50500   0.601    1.9771398       127.3287903
 -1.50250   0.601    1.9771048       127.4811025
 -1.50000   0.601    1.9770665       127.6331210
 -1.49750   0.601    1.9770249       127.7846486
 -1.49500   0.601    1.9769800       127.9354874
 -1.49250   0.601    1.9769319       128.0854383
 -1.49000   0.601    1.9768805       128.2343010
 -1.48750   0.601    1.9768259       128.3818737
 -1.48500   0.601    1.9767680       128.5279527
 -1.48250   0.601    1.9767068       128.6723326
 -1.48000   0.601    1.9766423       128.8148057
 -1.47750   0.601    1.9765746       128.9551620
 -1.47500   0.601    1.9765035       129.0931887
 -1.47250   0.601    1.9764291       129.2286705
 -1.47000   0.601    1.9763514       129.3613885
 -1.46750   0.601    1.9762702       129.4911209
 -1.46500   0.601    1.9761857       129.6176417
 -1.46250   0.601    1.9760977       129.7407221
 -1.46000   0.601    1.9760062       129.8601273
 -1.45750   0.601    1.9759112       129.9756196
 -1.45500   0.601    1.9758126       130.0869554
 -1.45250   0.601    1.9757104       130.1938864
 -1.45000   0.601    1.9756046       130.2961584
 -1.44750   0.601    1.9754950       130.3935112
 -1.44500   0.601    1.9753816       130.4856783
 -1.44250   0.601    1.9752644       130.5723859
 -1.44000   0.601    1.9751432       130.6533532
 -1.43750   0.601    1.9750183       130.7282913
 -1.43500   0.601    1.9748892       130.7969025
 -1.43250   0.601    1.9747559       130.8588800
 -1.43000   0.601    1.9746185       130.9139074
 -1.42750   0.601    1.9744767       130.9616572
 -1.42500   0.601    1.9743306       131.0017908
 -1.42250   0.601    1.9741800       131.0339571
 -1.42000   0.601    1.9740248       131.0577917
 -1.41750   0.601    1.9738649       131.0729156
 -1.41500   0.601    1.9737002       131.0789346
 -1.41250   0.601    1.9735306       131.0754371
 -1.41000   0.601    1.9733559       131.0619934
 -1.40750   0.601    1.9731760       131.0381539
 -1.40500   0.601    1.9729908       131.0034468
 -1.40250   0.601    1.9728001       130.9573771
 -1.40000   0.601    1.9726038       130.8994233
 -1.39750   0.601    1.9724018       130.8290353
 -1.39500   0.601    1.9721937       130.7456321
 -1.39250   0.601    1.9719796       130.6485975
 -1.39000   0.601    1.9717591       130.5372774
 -1.38750   0.601    1.9715321       130.4109752
 -1.38500   0.601    1.9712984       130.2689473
 -1.38250   0.601    1.9710578       130.1103971
 -1.38000   0.601    1.9708100       129.9344697
 -1.37750   0.601    1.9705548       129.7402436
 -1.37500   0.601    1.9702919       129.5267231
 -1.37250   0.601    1.9700212       129.2928276
 -1.37000   0.601    1.9697423       129.0373809
 -1.36750   0.601    1.9694549       128.7590964
 -1.36500   0.601    1.9691587       128.4565614
 -1.36250   0.601    1.9688534       128.1282169
 -1.36000   0.601    1.9685387       127.7723340
 -1.35750   0.601    1.9682143       127.3869844
 -1.35500   0.601    1.9678796       126.9700045
 -1.35250   0.601    1.9675345       126.5189510
 -1.35000   0.601    1.9671783       126.0310436
 -1.34750   0.601    1.9668108       125.5030940
 -1.34500   0.601    1.9664314       124.9314121
 -1.34250   0.601    1.9660397       124.3116838
 -1.34000   0.601    1.9656352       123.6388072
 -1.33750   0.601    1.9652171       122.9066685
 -1.33500   0.601    1.9647853       122.1078293
 -1.33250   0.601    1.9643387       121.2330737
 -1.33000   0.601    1.9638770       120.2707391
 -1.32750   0.601    1.9633993       119.2056752
 -1.32500   0.601    1.9629049       118.0175538
 -1.32250   0.601    1.9623930       116.6779430
 -1.32000   0.601    1.9618627       115.1448195
 -1.31750   0.601    1.9613129       113.3510753
 -1.31500   0.601    1.9607423       111.1762200
 -1.31250   0.601    1.9601492       108.3553111
 -1.31000   0.601    1.9595294       103.9452027
 -1.30750   0.601    1.9587946        98.2681987
 -1.30500   0.601    1.9580770        98.5507639
 -1.30250   0.601    1.9573494        98.8502186
 -1.30000   0.601    1.9566008        99.1612320
 -1.29750   0.601    1.9558273        99.4832231
 -1.29500   0.601    1.9550261        99.8163175
 -1.29250   0.601    1.9541950       100.1608701
 -1.29000   0.601    1.9533320       100.5173494
 -1.28750   0.601    1.9524350       100.8862993
 -1.28500   0.601    1.9515021       101.2683254
 -1.28250   0.601    1.9505310       101.6640911
 -1.28000   0.601    1.9495197       102.0743174
 -1.27750   0.601    1.9484657       102.4997861
 -1.27500   0.601    1.9473667       102.9413437
 -1.27250   0.601    1.9462199       103.3999072
 -1.27000   0.601    1.9450225       103.8764706
 -1.26750   0.601    1.9437717       104.3721133
 -1.26500   0.601    1.9424642       104.8880088
 -1.26250   0.601    1.9410966       105.4254364
 -1.26000   0.601    1.9396652       105.9857927
 -1.25750   0.601    1.9381661       106.5706071
 -1.25500   0.601    1.9365950       107.1815582
 -1.25250   0.601    1.9349475       107.8204937
 -1.25000   0.601    1.9332185       108.4894541
 -1.24750   0.601    1.9314027       109.1906997
 -1.24500   0.601    1.9294945       109.9267435
 -1.24250   0.601    1.9274875       110.7003903
 -1.24000   0.601    1.9253750       111.5147828
 -1.23750   0.601    1.9231497       112.3734587
 -1.23500   0.601    1.9208036       113.2804186
 -1.23250   0.601    1.9183278       114.2402100
 -1.23000   0.601    1.9157130       115.2580308
 -1.22750   0.601    1.9129484       116.3398574
 -1.22500   0.601    1.9100228       117.4926054
 -1.22250   0.601    1.9069232       118.7243331
 -1.22000   0.601    1.9036357       120.0445003
 -1.21750   0.601    1.9001444       121.4643021
 -1.21500   0.601    1.8964321       122.9971040
 -1.21250   0.601    1.8924788       124.6590137
 -1.21000   0.601    1.8882625       126.4696444
 -1.20750   0.601    1.8837577       128.4531454
 -1.20500   0.601    1.8789354       130.6396141
 -1.20250   0.601    1.8737617       133.0670612
 -1.20000   0.601    1.8681970       135.7841915
 -1.19750   0.601    1.8621937       138.8544140
 -1.19500   0.601    1.8556945       142.3617437
 -1.19250   0.601    1.8486279       146.4196891
 -1.19000   0.601    1.8409036       151.1849802
 -1.18750   0.601    1.8324036       156.8793960
 -1.18500   0.601    1.8229684       163.8256233
 -1.18250   0.601    1.8123746       172.5084219
 -1.18000   0.601    1.8002949       183.6835950
 -1.17750   0.601    1.7862238       198.5822757
 -1.17500   0.601    1.7693334       219.3177216
 -1.17250   0.601    1.7481687       249.7560694
 -1.17000   0.601    1.7199483       297.5501650
 -1.16750   0.601    1.6787870       379.4155310
 -1.16500   0.601    1.6106312       536.5503887
 -1.16250   0.601    1.4777126       883.9535811
 -1.16000   0.601    1.1888513      1720.4695350
 -1.15750   0.601    0.8892463      2710.5438621
 -1.15500   0.601    1.2198893      1773.0543822
 -1.15250   0.601    1.4802792       920.0155853
 -1.15000   0.601    1.5707895       567.2001766
 -1.14750   0.601    1.5974683       411.2649235
 -1.14500   0.601    1.5990484       333.1111419
 -1.14250   0.601    1.5888410       290.1134394
 -1.14000   0.601    1.5720435       265.0217044
 -1.13750   0.601    1.5509484       249.9524828
 -1.13500   0.601    1.5266788       240.9235276
 -1.13250   0.601    1.4998455       235.7515101
 -1.13000   0.601    1.4708280       233.1531359
 -1.12750   0.601    1.4399063       232.3253634
 -1.12500   0.601    1.4073315       232.7344277
 -1.12250   0.601    1.3733660       234.0031945
 -1.12000   0.601    1.3356045        84.3233701
 -1.11750   0.601    1.3025135       238.0434310
 -1.11500   0.601    1.2663890       240.3974278
 -1.11250   0.601    1.2304100       242.7429925
 -1.11000   0.601    1.1951058       244.9296162
 -1.10750   0.601    1.1610490       246.8216105
 -1.10500   0.601    1.1288340       248.2978862
 -1.10250   0.601    1.0990526       249.2553120
 -1.10000   0.601    1.0722606       249.6105389
 -1.09750   0.601    1.0489469       249.3036873
 -1.09500   0.601    1.0295029       248.3006170
 -1.09250   0.601    1.0141978       246.5940294
 -1.09000   0.601    1.0031627       244.2029170
 -1.08750   0.601    0.9963853       241.1702625
 -1.08500   0.601    0.9937154       237.5592243
 -1.08250   0.601    0.9948803       233.4481715
 -1.08000   0.601    0.9995073       228.9251930
 -1.07750   0.601    1.0071507       224.0826189
 -1.07500   0.601    1.0173191       219.0120625
 -1.07250   0.601    1.0295022       213.8003323
 -1.07000   0.601    1.0431920       208.5263902
 -1.06750   0.601    1.0579010       203.2593811
 -1.06500   0.601    1.0731735       198.0576362
 -1.06250   0.601    1.0885930       192.9684783
 -1.06000   0.601    1.1037900       188.0292722
 -1.05750   0.601    1.1184105       183.2650007
 -1.05500   0.601    1.1321727       178.6957427
 -1.05250   0.601    1.1447990       174.3313076
 -1.05000   0.601    1.1560372       170.1755094
 -1.04750   0.601    1.1656433       166.2264224
 -1.04500   0.601    1.1733678       162.4770610
 -1.04250   0.601    1.1789361       158.9157200
 -1.04000   0.601    1.1820235       155.5258927
 -1.03750   0.601    1.1822141       152.2853797
 -1.03500   0.601    1.1789333       149.1640831
 -1.03250   0.601    1.1713178       146.1189088
 -1.03000   0.601    1.1579317       143.0814377
 -1.02750   0.601    1.1359946       139.9225614
 -1.02500   0.601    1.0983339       136.3062117
 -1.02250   0.601    0.9819337       129.2729475
 -1.02000   0.601    0.9795451       129.7966946
 -1.01750   0.601    0.9785892       130.0426450
 -1.01500   0.601    0.9777702       130.2119250
 -1.01250   0.601    0.9769965       130.3417482
 -1.01000   0.601    0.9762345       130.4471698
 -1.00750   0.601    0.9754671       130.5358561
 -1.00500   0.601    0.9746833       130.6122036
 -1.00250   0.601    0.9738751       130.6789307
 -1.00000   0.601    0.9730362       130.7378159
 -0.99750   0.601    0.9721609       130.7900830
 -0.99500   0.601    0.9712438       130.8366200
 -0.99250   0.601    0.9702800       130.8781099
 -0.99000   0.601    0.9692641       130.9151149
 -0.98750   0.601    0.9681908       130.9481304
 -0.98500   0.601    0.9670544       130.9776222
 -0.98250   0.601    0.9658487       131.0040523
 -0.98000   0.601    0.9645672       131.0278965
 -0.97750   0.601    0.9632029       131.0496575
 -0.97500   0.601    0.9617478       131.0698746
 -0.97250   0.601    0.9601935       131.0891300
 -0.97000   0.601    0.9585305       131.1080544
 -0.96750   0.601    0.9567483       131.1273305
 -0.96500   0.601    0.9548354       131.1476967
 -0.96250   0.601    0.9527788       131.1699487
 -0.96000   0.601    0.9505641       131.1949426
 -0.95750   0.601    0.9481751       131.2235969
 -0.95500   0.601    0.9455935       131.2568942
 -0.95250   0.601    0.9427987       131.2958849
 -0.95000   0.601    0.9397673       131.3416894
 -0.94750   0.601    0.9364728       131.3955031
 -0.94500   0.601    0.9328847       131.4586004
 -0.94250   0.601    0.9289681       131.5323418
 -0.94000   0.601    0.9246825       131.6181820
 -0.93750   0.601    0.9199811       131.7176801
 -0.93500   0.601    0.9148091       131.8325128
 -0.93250   0.601    0.9091020       131.9644921
 -0.93000   0.601    0.9027834       132.1155868
 -0.92750   0.601    0.8957620       132.2879512
 -0.92500   0.601    0.8879274       132.4839629
 -0.92250   0.601    0.8791454       132.7062719
 -0.92000   0.601    0.8692501       132.9578675
 -0.91750   0.601    0.8580341       133.2421690
 -0.91500   0.601    0.8452338       133.5631528
 -0.91250   0.601    0.8305077       133.9255340
 -0.91000   0.601    0.8134038       134.3350352
 -0.90750   0.601    0.7933067       134.7987992
 -0.90500   0.601    0.7693510       135.3260546
 -0.90250   0.601    0.7402651       135.9292567
 -0.90000   0.601    0.7040714       136.6262052
 -0.89750   0.601    0.6574393       137.4444353
 -0.89500   0.601    0.5940386       138.4319117
 -0.89250   0.601    0.4990449       139.6910838
 -0.89000   0.601    0.3150933       141.5767339
 -0.88750   0.601    0.0011395       137.0139116
 -0.88500   0.601    0.0005628       132.7004866
 -0.88250   0.601    0.0003814       129.7134314
 -0.88000   0.601    0.0002875       127.2892869
 -0.87750   0.601    0.0002291       125.1956691
 -0.87500   0.601    0.0001890       123.3252779
 -0.87250   0.601    0.0001596       121.6184242
 -0.87000   0.601    0.0001372       120.0380459
 -0.86750   0.601    0.0001195       118.5593867
 -0.86500   0.601    0.0001053       117.1650165
 -0.86250   0.601    0.0000935       115.8421651
 -0.86000   0.601    0.0000837       114.5811782
 -0.85750   0.601    0.0000754       113.3745681
 -0.85500   0.601    0.0000683       112.2164024
 -0.85250   0.601    0.0000621       111.1018947
 -0.85000   0.601    0.0000567       110.0271164
 -0.84750   0.601    0.0000520       108.9888216
 -0.84500   0.601    0.0000479       107.9842495
 -0.84250   0.601    0.0000442       107.0110685
 -0.84000   0.601    0.0000409       106.0672690
 -0.83750   0.601    0.0000379       105.1511045
 -0.83500   0.601    0.0000352       104.2610522
 -0.83250   0.601    0.0000328       103.3957593
 -0.83000   0.601    0.0000306       102.5540287
 -0.82750   0.601    0.0000286       101.7347883
 -0.82500   0.601    0.0000268       100.9370725
 -0.82250   0.601    0.0000252       100.1600075
 -0.82000   0.601    0.0000236        99.4027984
 -0.81750   0.601    0.0000222        98.6647186
 -0.81500   0.601    0.0000210        97.9451014
 -0.81250   0.601    0.0000198        97.2433329
 -0.81000   0.601    0.0000187        96.5588456
 -0.80750   0.601    0.0000176        95.8911139
 -0.80500   0.601    0.0000167        95.2396492
 -0.80250   0.601    0.0000158        94.6039966
 -0.80000   0.601    0.0000150        93.9837315
 -0.79750   0.601    0.0000142        93.3784570
 -0.79500   0.601    0.0000135        92.7878014
 -0.79250   0.601    0.0000128        92.2114162
 -0.79000   0.601    0.0000122        91.6489742
 -0.78750   0.601    0.0000116        91.1001677
 -0.78500   0.601    0.0000111        90.5647073
 -0.78250   0.601    0.0000106        90.0423203
 -0.78000   0.601    0.0000101        89.5327495
 -0.77750   0.601    0.0000096        89.0357525
 -0.77500   0.601    0.0000092        88.5511001
 -0.77250   0.601    0.0000088        88.0785758
 -0.77000   0.601    0.0000084        87.6179746
 -0.76750   0.601    0.0000081        87.1691025
 -0.76500   0.601    0.0000077        86.7317756
 -0.76250   0.601    0.0000074        86.3058192
 -0.76000   0.601    0.0000071        85.8910675
 -0.75750   0.601    0.0000068        85.4873625
 -0.75500   0.601    0.0000065        85.0945540
 -0.75250   0.601    0.0000063        84.7124982
 -0.75000   0.601    0.0000060        84.3410581
 -0.74750   0.601    0.0000058        83.9801020
 -0.74500   0.601    0.0000056        83.6295038
 -0.74250   0.601    0.0000053        83.2891420
 -0.74000   0.601    0.0000051        82.9588996
 -0.73750   0.601    0.0000049        82.6386632
 -0.73500   0.601    0.0000048        82.3283230
 -0.73250   0.601    0.0000046        82.0277721
 -0.73000   0.601    0.0000044        81.7369065
 -0.72750   0.601    0.0000043        81.4556242
 -0.72500   0.601    0.0000041        81.1838250
 -0.72250   0.601    0.0000040        80.9214104
 -0.72000   0.601    0.0000038        80.6682830
 -0.71750   0.601    0.0000037        80.4243464
 -0.71500   0.601    0.0000036        80.1895045
 -0.71250   0.601    0.0000034        79.9636616
 -0.71000   0.601    0.0000033        79.7467220
 -0.70750   0.601    0.0000032        79.5385896
 -0.70500   0.601    0.0000031        79.3391679
 -0.70250   0.601    0.0000030        79.1483593
 -0.70000   0.601    0.0000029        78.9660654
 -0.69750   0.601    0.0000028        78.7921862
 -0.69500   0.601    0.0000027        78.6266208
 -0.69250   0.601    0.0000026        78.4692660
 -0.69000   0.601    0.0000025        78.3200159
 -0.68750   0.601    0.0000025        78.1787667
 -0.68500   0.601    0.0000024        78.0454060
 -0.68250   0.601    0.0000023        77.9198233
 -0.68000   0.601    0.0000022        77.8019043
 -0.67750   0.601    0.0000022        77.6915320
 -0.67500   0.601    0.0000021        77.5885867
 -0.67250   0.601    0.0000020        77.4929455
 -0.67000   0.601    0.0000020        77.4044823
 -0.66750   0.601    0.0000019        77.3230680
 -0.66500   0.601    0.0000019        77.2485700
 -0.66250   0.601    0.0000018        77.1808522
 -0.66000   0.601    0.0000018        77.1197750
 -0.65750   0.601    0.0000017        77.0651951
 -0.65500   0.601    0.0000017        77.0169655
 -0.65250   0.601    0.0000016        76.9749352
 -0.65000   0.601    0.0000016        76.9389496
 -0.64750   0.601    0.0000015        76.9088499
 -0.64500   0.601    0.0000015        76.8844732
 -0.64250   0.601    0.0000014        76.8656528
 -0.64000   0.601    0.0000014        76.8522177
 -0.63750   0.601    0.0000014        76.8439918
 -0.63500   0.601    0.0000013        76.8407963
 -0.63250   0.601    0.0000013        76.8424471
 -0.63000   0.601    0.0000012        76.8487557
 -0.62750   0.601    0.0000012        76.8595294
 -0.62500   0.601    0.0000012        76.8745709
 -0.62250   0.601    0.0000012        76.8936783
 -0.62000   0.601    0.0000011        76.9166453
 -0.61750   0.601    0.0000011        76.9432607
 -0.61500   0.601    0.0000011        76.9733088
 -0.61250   0.601    0.0000010        77.0065691
 -0.61000   0.601    0.0000010        77.0428162
 -0.60750   0.601    0.0000010        77.0818052
 -0.60500   0.601    0.0000010        77.1233453
 -0.60250   0.601    0.0000009        77.1671521
 -0.60000   0.601    0.0000009        77.2129953
 -0.59750   0.601    0.0000009        77.2606247
 -0.59500   0.601    0.0000009        77.3097847
 -0.59250   0.601    0.0000008        77.3602148
 -0.59000   0.601    0.0000008        77.4116488
 -0.58750   0.601    0.0000008        77.4638152
 -0.58500   0.601    0.0000008        77.5164369
 -0.58250   0.601    0.0000008        77.5692312
 -0.58000   0.601    0.0000007        77.6219094
 -0.57750   0.601    0.0000007        77.6741770
 -0.57500   0.601    0.0000007        77.7257333
 -0.57250   0.601    0.0000007        77.7762715
 -0.57000   0.601    0.0000007        77.8254784
 -0.56750   0.601    0.0000007        77.8730338
 -0.56500   0.601    0.0000006        77.9186110
 -0.56250   0.601    0.0000006        77.9618763
 -0.56000   0.601    0.0000006        78.0024883
 -0.55750   0.601    0.0000006        78.0400983
 -0.55500   0.601    0.0000006        78.0743495
 -0.55250   0.601    0.0000006        78.1048770
 -0.55000   0.601    0.0000005        78.1313072
 -0.54750   0.601    0.0000005        78.1532575
 -0.54500   0.601    0.0000005        78.1703355
 -0.54250   0.601    0.0000005        78.1821398
 -0.54000   0.601    0.0000005        78.1882572
 -0.53750   0.601    0.0000005        78.1882643
 -0.53500   0.601    0.0000005        78.1817257
 -0.53250   0.601    0.0000005        78.1681934
 -0.53000   0.601    0.0000005        78.1472063
 -0.52750   0.601    0.0000004        78.1182890
 -0.52500   0.601    0.0000004        78.0809512
 -0.52250   0.601    0.0000004        78.0346859
 -0.52000   0.601    0.0000004        77.9789691
 -0.51750   0.601    0.0000004        77.9132577
 -0.51500   0.601    0.0000004        77.8369883
 -0.51250   0.601    0.0000004        77.7495755
 -0.51000   0.601    0.0000004        77.6504098
 -0.50750   0.601    0.0000004        77.5388556
 -0.50500   0.601    0.0000004        77.4142489
 -0.50250   0.601    0.0000003        77.2758939
 -0.50000   0.601    0.0000003        77.1230605
 -0.49750   0.601    0.0000003        76.9549805
 -0.49500   0.601    0.0000003        76.7708431
 -0.49250   0.601    0.0000003        76.5697906
 -0.49000   0.601    0.0000003        76.3509125
 -0.48750   0.601    0.0000003        76.1132391
 -0.48500   0.601    0.0000003        75.8557343
 -0.48250   0.601    0.0000003        75.5772861
 -0.48000   0.601    0.0000003        75.2766964
 -0.47750   0.601    0.0000003        74.9526687
 -0.47500   0.601    0.0000003        74.6037925
 -0.47250   0.601    0.0000002        74.2285254
 -0.47000   0.601    0.0000002        73.8251708
 -0.46750   0.601    0.0000002        73.3918503
 -0.46500   0.601    0.0000002        72.9264696
 -0.46250   0.601    0.0000002        72.4266753
 -0.46000   0.601    0.0000002        71.8897998
 -0.45750   0.601    0.0000002        71.3127898
 -0.45500   0.601    0.0000002        70.6921129
 -0.45250   0.601    0.0000002        70.0236304
 -0.45000   0.601    0.0000002        69.3024259
 -0.44750   0.601    0.0000002        68.5225616
 -0.44500   0.601    0.0000002        67.6767287
 -0.44250   0.601    0.0000002        66.7557236
 -0.44000   0.601    0.0000002        65.7476327
 -0.43750   0.601    0.0000001        64.6364988
 -0.43500   0.601    0.0000001        63.3999944
 -0.43250   0.601    0.0000001        62.0050134
 -0.43000   0.601    0.0000001        60.3983061
 -0.42750   0.601    0.0000001        58.4829349
 -0.42500   0.601    0.0000001        56.0396243
 -0.42250   0.601    0.0000001        52.2107185
 -0.42000   0.601    0.0000001        48.1866224
 -0.41750   0.601    0.0000001        48.1643448
 -0.41500   0.601    0.0000001        48.1355182
 -0.41250   0.601    0.0000001        48.0966678
 -0.41000   0.601    0.0000001        48.0468176
 -0.40750   0.601    0.0000001        47.9853611
 -0.40500   0.601    0.0000001        47.9117893
 -0.40250   0.601    0.0000001        47.8256229
 -0.40000   0.601    0.0000001        47.7263871
 -0.39750   0.601    0.0000001        47.6136023
 -0.39500   0.601    0.0000001        47.4867767
 -0.39250   0.601    0.0000001        47.3454037
 -0.39000   0.601    0.0000001        47.1889585
 -0.38750   0.601    0.0000000        47.0168957
 -0.38500   0.601    0.0000000        46.8286467
 -0.38250   0.601    0.0000000        46.6236176
 -0.38000   0.601    0.0000000        46.4011862
 -0.37750   0.601    0.0000000        46.1606991
 -0.37500   0.601    0.0000000        45.9014686
 -0.37250   0.601    0.0000000        45.6227694
 -0.37000   0.601    0.0000000        45.3238341
 -0.36750   0.601    0.0000000        45.0038491
 -0.36500   0.601    0.0000000        44.6619491
 -0.36250   0.601    0.0000000        44.2972115
 -0.36000   0.601    0.0000000        43.9086496
 -0.35750   0.601    0.0000000        43.4952048
 -0.35500   0.601    0.0000000        43.0557372
 -0.35250   0.601    0.0000000        42.5890157
 -0.35000   0.601    0.0000000        42.0937050
 -0.34750   0.601    0.0000000        41.5683516
 -0.34500   0.601    0.0000000        41.0113659
 -0.34250   0.601    0.0000000        40.4210018
 -0.34000   0.601    0.0000000        39.7953313
 -0.33750   0.601    0.0000000        39.1322146
 -0.33500   0.601    0.0000000        38.4292623
 -0.33250   0.601    0.0000000        37.6837892
 -0.33000   0.601    0.0000000        36.8927565
 -0.32750   0.601    0.0000000        36.0526981
 -0.32500   0.601    0.0000000        35.1596255
 -0.32250   0.601    0.0000000        34.2089049
 -0.32000   0.601    0.0000000        33.1950924
 -0.31750   0.601    0.0000000        32.1117115
 -0.31500   0.601    0.0000000        30.9509441
 -0.31250   0.601    0.0000000        29.7031913
 -0.31000   0.601    0.0000000        28.3564273
 -0.30750   0.601    0.0000000        26.8952159
 -0.30500   0.601    0.0000000        25.2991404
 -0.30250   0.601    0.0000000        23.5401555
 -0.30000   0.601    0.0000000        21.5777801
 -0.29750   0.601    0.0000000        19.3494829
 -0.29500   0.601    0.0000000        16.7485969
 -0.29250   0.601    0.0000000        13.5613276
 -0.29000   0.601    0.0000000         9.1951127
 -0.28750   0.601    0.0000000         0.0564606
 -0.28500   0.601    0.0000000         0.0263724
 -0.28250   0.601    0.0000000         0.0215191
 -0.28000   0.601    0.0000000         0.0192358
 -0.27750   0.601    0.0000000         0.0178515
 -0.27500   0.601    0.0000000         0.0169027
 -0.27250   0.601    0.0000000         0.0162029
 -0.27000   0.601    0.0000000         0.0156609
 -0.26750   0.601    0.0000000         0.0152262
 -0.26500   0.601    0.0000000         0.0148681
 -0.26250   0.601    0.0000000         0.0145670
 -0.26000   0.601    0.0000000         0.0143097
 -0.25750   0.601    0.0000000         0.0140867
 -0.25500   0.601    0.0000000         0.0138913
 -0.25250   0.601    0.0000000         0.0137184
 -0.25000   0.601    0.0000000         0.0135642
 -0.24750   0.601    0.0000000         0.0134256
 -0.24500   0.601    0.0000000         0.0133004
 -0.24250   0.601    0.0000000         0.0131865
 -0.24000   0.601    0.0000000         0.0130826
 -0.23750   0.601    0.0000000         0.0129872
 -0.23500   0.601    0.0000000         0.0128993
 -0.23250   0.601    0.0000000         0.0128181
 -0.23000   0.601    0.0000000         0.0127428
 -0.22750   0.601    0.0000000         0.0126728
 -0.22500   0.601    0.0000000         0.0126076
 -0.22250   0.601    0.0000000         0.0125466
 -0.22000   0.601    0.0000000         0.0124895
 -0.21750   0.601    0.0000000         0.0124359
 -0.21500   0.601    0.0000000         0.0123855
 -0.21250   0.601    0.0000000         0.0123381
 -0.21000   0.601    0.0000000         0.0122933
 -0.20750   0.601    0.0000000         0.0122510
 -0.20500   0.601    0.0000000         0.0122110
 -0.20250   0.601    0.0000000         0.0121732
 -0.20000   0.601    0.0000000         0.0121373
 -0.19750   0.601    0.0000000         0.0121032
 -0.19500   0.601    0.0000000         0.0120708
 -0.19250   0.601    0.0000000         0.0120400
 -0.19000   0.601    0.0000000         0.0120107
 -0.18750   0.601    0.0000000         0.0119828
 -0.18500   0.601    0.0000000         0.0119562
 -0.18250   0.601    0.0000000         0.0119308
 -0.18000   0.601    0.0000000         0.0119066
 -0.17750   0.601    0.0000000         0.0118835
 -0.17500   0.601    0.0000000         0.0118615
 -0.17250   0.601    0.0000000         0.0118404
 -0.17000   0.601    0.0000000         0.0118202
 -0.16750   0.601    0.0000000         0.0118009
 -0.16500   0.601    0.0000000         0.0117825
 -0.16250   0.601    0.0000000         0.0117649
 -0.16000   0.601    0.0000000         0.0117480
 -0.15750   0.601    0.0000000         0.0117319
 -0.15500   0.601    0.0000000         0.0117164
 -0.15250   0.601    0.0000000         0.0117017
 -0.15000   0.601    0.0000000         0.0116875
 -0.14750   0.601    0.0000000         0.0116740
 -0.14500   0.601    0.0000000         0.0116611
 -0.14250   0.601    0.0000000         0.0116487
 -0.14000   0.601    0.0000000         0.0116369
 -0.13750   0.601    0.0000000         0.0116255
 -0.13500   0.601    0.0000000         0.0116147
 -0.13250   0.601    0.0000000         0.0116044
 -0.13000   0.601    0.0000000         0.0115946
 -0.12750   0.601    0.0000000         0.0115852
 -0.12500   0.601    0.0000000         0.0115762
 -0.12250   0.601    0.0000000         0.0115677
 -0.12000   0.601    0.0000000         0.0115596
 -0.11750   0.601    0.0000000         0.0115519
 -0.11500   0.601    0.0000000         0.0115445
 -0.11250   0.601    0.0000000         0.0115376
 -0.11000   0.601    0.0000000         0.0115310
 -0.10750   0.601    0.0000000         0.0115248
 -0.10500   0.601    0.0000000         0.0115189
 -0.10250   0.601    0.0000000         0.0115133
 -0.10000   0.601    0.0000000         0.0115081
 -0.09750   0.601    0.0000000         0.0115032
 -0.09500   0.601    0.0000000         0.0114987
 -0.09250   0.601    0.0000000         0.0114944
 -0.09000   0.601    0.0000000         0.0114905
 -0.08750   0.601    0.0000000         0.0114868
 -0.08500   0.601    0.0000000         0.0114835
 -0.08250   0.601    0.0000000         0.0114804
 -0.08000   0.601    0.0000000         0.0114776
 -0.07750   0.601    0.0000000         0.0114751
 -0.07500   0.601    0.0000000         0.0114729
 -0.07250   0.601    0.0000000         0.0114709
 -0.07000   0.601    0.0000000         0.0114692
 -0.06750   0.601    0.0000000         0.0114677
 -0.06500   0.601    0.0000000         0.0114666
 -0.06250   0.601    0.0000000         0.0114656
 -0.06000   0.601    0.0000000         0.0114650
 -0.05750   0.601    0.0000000         0.0114645
 -0.05500   0.601    0.0000000         0.0114644
 -0.05250   0.601    0.0000000         0.0114644
 -0.05000   0.601    0.0000000         0.0114648
 -0.04750   0.601    0.0000000         0.0114653
 -0.04500   0.601    0.0000000         0.0114661
 -0.04250   0.601    0.0000000         0.0114672
 -0.04000   0.601    0.0000000         0.0114684
 -0.03750   0.601    0.0000000         0.0114700
 -0.03500   0.601    0.0000000         0.0114717
 -0.03250   0.601    0.0000000         0.0114737
 -0.03000   0.601    0.0000000         0.0114759
 -0.02750   0.601    0.0000000         0.0114784
 -0.02500   0.601    0.0000000         0.0114811
 -0.02250   0.601    0.0000000         0.0114841
 -0.02000   0.601    0.0000000         0.0114872
 -0.01750   0.601    0.0000000         0.0114907
 -0.01500   0.601    0.0000000         0.0114943
 -0.01250   0.601    0.0000000         0.0114982
 -0.01000   0.601    0.0000000         0.0115024
 -0.00750   0.601    0.0000000         0.0115067
 -0.00500   0.601    0.0000000         0.0115114
 -0.00250   0.601    0.0000000         0.0115162
  0.00000   0.601    0.0000000         0.0115214
