 -2.00000   0.649    2.5253442       360.3921467
 -1.99750   0.649    2.5074824       363.4445996
 -1.99500   0.649    2.4897059       366.3823223
 -1.99250   0.649    2.4721326       369.1803048
 -1.99000   0.649    2.4548511       371.8091018
 -1.98750   0.649    2.4379658       374.2432332
 -1.98500   0.649    2.4215684       376.4584345
 -1.98250   0.649    2.4057386       378.4332769
 -1.98000   0.649    2.3905402       380.1500053
 -1.97750   0.649    2.3760166       381.5952247
 -1.97500   0.649    2.3621776       382.7597833
 -1.97250   0.649    2.3490415       383.6422866
 -1.97000   0.649    2.3365400       384.2426734
 -1.96750   0.649    2.3246063       384.5684127
 -1.96500   0.649    2.3131259       384.6307342
 -1.96250   0.649    2.3019415       384.4444429
 -1.96000   0.649    2.2908473       384.0268120
 -1.95750   0.649    2.2795802       383.3961937
 -1.95500   0.649    2.2678065       382.5703179
 -1.95250   0.649    2.2550985       381.5642381
 -1.95000   0.649    2.2409078       380.3937460
 -1.94750   0.649    2.2244231       379.0354967
 -1.94500   0.649    2.2045815       377.4967737
 -1.94250   0.649    2.1796097       375.7191917
 -1.94000   0.649    2.1463610       373.5888115
 -1.93750   0.649    2.0978494       370.8157847
 -1.93500   0.649    2.0086729       366.2735674
 -1.93250   0.649    1.8748559       351.6173501
 -1.93000   0.649    1.8826213       347.7287507
 -1.92750   0.649    1.8878509       345.7965023
 -1.92500   0.649    1.8918962       344.7142966
 -1.92250   0.649    1.8952069       344.1356508
 -1.92000   0.649    1.8980031       343.8922307
 -1.91750   0.649    1.9004136       343.8837157
 -1.91500   0.649    1.9025229       344.0421851
 -1.91250   0.649    1.9043900       344.3173577
 -1.91000   0.649    1.9060590       344.6694469
 -1.90750   0.649    1.9075643       345.0653954
 -1.90500   0.649    1.9089339       345.4767385
 -1.90250   0.649    1.9101912       345.8783760
 -1.90000   0.649    1.9113564       346.2478622
 -1.89750   0.649    1.9124473       346.5650207
 -1.89500   0.649    1.9134798       346.8117613
 -1.89250   0.649    1.9144687       346.9720246
 -1.89000   0.649    1.9154271       347.0317956
 -1.88750   0.649    1.9163673       346.9791439
 -1.88500   0.649    1.9173003       346.8042499
 -1.88250   0.649    1.9182359       346.4993832
 -1.88000   0.649    1.9191826       346.0588056
 -1.87750   0.649    1.9201478       345.4785682
 -1.87500   0.649    1.9211371       344.7561867
 -1.87250   0.649    1.9221549       343.8901731
 -1.87000   0.649    1.9232037       342.8794115
 -1.86750   0.649    1.9242846       341.7223506
 -1.86500   0.649    1.9253969       340.4159753
 -1.86250   0.649    1.9265386       338.9544673
 -1.86000   0.649    1.9277059       337.3273720
 -1.85750   0.649    1.9288939       335.5168658
 -1.85500   0.649    1.9300958       333.4932249
 -1.85250   0.649    1.9313031       331.2062280
 -1.85000   0.649    1.9325044       328.5659961
 -1.84750   0.649    1.9336822       325.3895526
 -1.84500   0.649    1.9347951       321.1534026
 -1.84250   0.649    1.9355607       312.3316619
 -1.84000   0.649    1.9368577       311.6394087
 -1.83750   0.649    1.9381769       311.0228575
 -1.83500   0.649    1.9394876       310.4053183
 -1.83250   0.649    1.9407781       309.7765191
 -1.83000   0.649    1.9420409       309.1331593
 -1.82750   0.649    1.9432699       308.4749520
 -1.82500   0.649    1.9444602       307.8040022
 -1.82250   0.649    1.9456074       307.1249316
 -1.82000   0.649    1.9467073       306.4452567
 -1.81750   0.649    1.9477560       305.7759009
 -1.81500   0.649    1.9487499       305.1317969
 -1.81250   0.649    1.9496849       304.5325624
 -1.81000   0.649    1.9505569       304.0032862
 -1.80750   0.649    1.9513613       303.5754102
 -1.80500   0.649    1.9520931       303.2877521
 -1.80250   0.649    1.9527460       303.1876943
 -1.80000   0.649    1.9533128       303.3325477
 -1.79750   0.649    1.9537848       303.7911522
 -1.79500   0.649    1.9541516       304.6435939
 -1.79250   0.649    1.9543969       306.0001089
 -1.79000   0.649    1.9545074       307.9630517
 -1.78750   0.649    1.9544599       310.6800414
 -1.78500   0.649    1.9542268       314.3182571
 -1.78250   0.649    1.9537725       319.0785675
 -1.78000   0.649    1.9530504       325.2027636
 -1.77750   0.649    1.9519990       332.9835846
 -1.77500   0.649    1.9505357       342.7782531
 -1.77250   0.649    1.9485483       355.0271157
 -1.77000   0.649    1.9458818       370.2799692
 -1.76750   0.649    1.9423173       389.2343172
 -1.76500   0.649    1.9375400       412.7927647
 -1.76250   0.649    1.9310848       442.1521800
 -1.76000   0.649    1.9222465       478.9475570
 -1.75750   0.649    1.9099233       525.4949474
 -1.75500   0.649    1.8923151       585.2050162
 -1.75250   0.649    1.8664204       663.3660579
 -1.75000   0.649    1.8269696       768.5389034
 -1.74750   0.649    1.7644943       915.1121203
 -1.74500   0.649    1.6610990      1126.4758566
 -1.74250   0.649    1.4941171      1436.0841079
 -1.74000   0.649    1.2495466      1836.6939329
 -1.73750   0.649    1.0365120      2098.4978830
 -1.73500   0.649    1.0739601      1505.7808028
 -1.73250   0.649    1.3016442      1120.1004596
 -1.73000   0.649    1.5123110       788.6365885
 -1.72750   0.649    1.6537173       573.2257974
 -1.72500   0.649    1.7433164       439.7698201
 -1.72250   0.649    1.8011875       355.1276074
 -1.72000   0.649    1.8400145       299.2316937
 -1.71750   0.649    1.8671089       260.7817243
 -1.71500   0.649    1.8867033       233.3433821
 -1.71250   0.649    1.9013222       213.1287967
 -1.71000   0.649    1.9125264       197.8223012
 -1.70750   0.649    1.9204546       243.2340442
 -1.70500   0.649    1.9283492       176.5671570
 -1.70250   0.649    1.9340782       169.0066235
 -1.70000   0.649    1.9388163       162.8237261
 -1.69750   0.649    1.9427883       157.6986397
 -1.69500   0.649    1.9461579       153.3994739
 -1.69250   0.649    1.9490473       149.7548999
 -1.69000   0.649    1.9515484       146.6361744
 -1.68750   0.649    1.9537320       143.9450676
 -1.68500   0.649    1.9556530       141.6055881
 -1.68250   0.649    1.9573550       139.5582050
 -1.68000   0.649    1.9588722       137.7557436
 -1.67750   0.649    1.9602326       136.1604264
 -1.67500   0.649    1.9614586       134.7417064
 -1.67250   0.649    1.9625688       133.4746613
 -1.67000   0.649    1.9635785       132.3387894
 -1.66750   0.649    1.9645004       131.3170951
 -1.66500   0.649    1.9653452       130.3953879
 -1.66250   0.649    1.9661219       129.5617397
 -1.66000   0.649    1.9668382       128.8060610
 -1.65750   0.649    1.9675005       128.1197672
 -1.65500   0.649    1.9681145       127.4955118
 -1.65250   0.649    1.9686851       126.9269827
 -1.65000   0.649    1.9692167       126.4087063
 -1.64750   0.649    1.9697126       125.9359494
 -1.64500   0.649    1.9701761       125.5045704
 -1.64250   0.649    1.9706102       125.1109429
 -1.64000   0.649    1.9710172       124.7518764
 -1.63750   0.649    1.9713994       124.4245527
 -1.63500   0.649    1.9717588       124.1264730
 -1.63250   0.649    1.9720970       123.8554134
 -1.63000   0.649    1.9724157       123.6093881
 -1.62750   0.649    1.9727162       123.3866175
 -1.62500   0.649    1.9729999       123.1855017
 -1.62250   0.649    1.9732677       123.0045977
 -1.62000   0.649    1.9735209       122.8426000
 -1.61750   0.649    1.9737603       122.6983238
 -1.61500   0.649    1.9739867       122.5706907
 -1.61250   0.649    1.9742009       122.4587166
 -1.61000   0.649    1.9744037       122.3615003
 -1.60750   0.649    1.9745956       122.2782150
 -1.60500   0.649    1.9747773       122.2080993
 -1.60250   0.649    1.9749493       122.1504509
 -1.60000   0.649    1.9751121       122.1046198
 -1.59750   0.649    1.9752662       122.0700030
 -1.59500   0.649    1.9754119       122.0460399
 -1.59250   0.649    1.9755497       122.0322077
 -1.59000   0.649    1.9756800       122.0280176
 -1.58750   0.649    1.9758030       122.0330131
 -1.58500   0.649    1.9759191       122.0467713
 -1.58250   0.649    1.9760285       122.0688540
 -1.58000   0.649    1.9761316       122.0989330
 -1.57750   0.649    1.9762286       122.1366088
 -1.57500   0.649    1.9763197       122.1815512
 -1.57250   0.649    1.9764051       122.2334344
 -1.57000   0.649    1.9764851       122.2919492
 -1.56750   0.649    1.9765598       122.3568004
 -1.56500   0.649    1.9766294       122.4277066
 -1.56250   0.649    1.9766941       122.5043971
 -1.56000   0.649    1.9767541       122.5866129
 -1.55750   0.649    1.9768094       122.6741048
 -1.55500   0.649    1.9768602       122.7666323
 -1.55250   0.649    1.9769066       122.8639637
 -1.55000   0.649    1.9769488       122.9658745
 -1.54750   0.649    1.9769869       123.0721475
 -1.54500   0.649    1.9770210       123.1825717
 -1.54250   0.649    1.9770511       123.2969418
 -1.54000   0.649    1.9770774       123.4150582
 -1.53750   0.649    1.9771000       123.5367264
 -1.53500   0.649    1.9771194       123.6617654
 -1.53250   0.649    1.9771339       123.7899496
 -1.53000   0.649    1.9771457       123.9211445
 -1.52750   0.649    1.9771540       124.0551496
 -1.52500   0.649    1.9771589       124.1917897
 -1.52250   0.649    1.9771605       124.3308912
 -1.52000   0.649    1.9771588       124.4722829
 -1.51750   0.649    1.9771538       124.6157957
 -1.51500   0.649    1.9771456       124.7612625
 -1.51250   0.649    1.9771342       124.9085179
 -1.51000   0.649    1.9771198       125.0573980
 -1.50750   0.649    1.9771022       125.2077401
 -1.50500   0.649    1.9770816       125.3593828
 -1.50250   0.649    1.9770580       125.5121654
 -1.50000   0.649    1.9770313       125.6659281
 -1.49750   0.649    1.9770017       125.8205116
 -1.49500   0.649    1.9769691       125.9757568
 -1.49250   0.649    1.9769335       126.1315051
 -1.49000   0.649    1.9768950       126.2875982
 -1.48750   0.649    1.9768536       126.4438764
 -1.48500   0.649    1.9768092       126.6001816
 -1.48250   0.649    1.9767619       126.7563542
 -1.48000   0.649    1.9767117       126.9122343
 -1.47750   0.649    1.9766586       127.0676613
 -1.47500   0.649    1.9766025       127.2224737
 -1.47250   0.649    1.9765434       127.3765092
 -1.47000   0.649    1.9764815       127.5296041
 -1.46750   0.649    1.9764165       127.6815937
 -1.46500   0.649    1.9763486       127.8323118
 -1.46250   0.649    1.9762776       127.9815908
 -1.46000   0.649    1.9762036       128.1292596
 -1.45750   0.649    1.9761266       128.2751483
 -1.45500   0.649    1.9760465       128.4190826
 -1.45250   0.649    1.9759633       128.5608865
 -1.45000   0.649    1.9758769       128.7003817
 -1.44750   0.649    1.9757873       128.8373871
 -1.44500   0.649    1.9756945       128.9717186
 -1.44250   0.649    1.9755985       129.1031894
 -1.44000   0.649    1.9754991       129.2316089
 -1.43750   0.649    1.9753963       129.3567834
 -1.43500   0.649    1.9752901       129.4785152
 -1.43250   0.649    1.9751804       129.5966024
 -1.43000   0.649    1.9750671       129.7108388
 -1.42750   0.649    1.9749502       129.8210138
 -1.42500   0.649    1.9748296       129.9269114
 -1.42250   0.649    1.9747052       130.0283105
 -1.42000   0.649    1.9745770       130.1249841
 -1.41750   0.649    1.9744449       130.2166992
 -1.41500   0.649    1.9743087       130.3032160
 -1.41250   0.649    1.9741683       130.3842879
 -1.41000   0.649    1.9740238       130.4596602
 -1.40750   0.649    1.9738749       130.5290706
 -1.40500   0.649    1.9737215       130.5922476
 -1.40250   0.649    1.9735636       130.6489103
 -1.40000   0.649    1.9734010       130.6987676
 -1.39750   0.649    1.9732335       130.7415173
 -1.39500   0.649    1.9730611       130.7768452
 -1.39250   0.649    1.9728836       130.8044242
 -1.39000   0.649    1.9727008       130.8239132
 -1.38750   0.649    1.9725126       130.8349557
 -1.38500   0.649    1.9723187       130.8371786
 -1.38250   0.649    1.9721191       130.8301906
 -1.38000   0.649    1.9719135       130.8135806
 -1.37750   0.649    1.9717018       130.7869159
 -1.37500   0.649    1.9714836       130.7497396
 -1.37250   0.649    1.9712589       130.7015690
 -1.37000   0.649    1.9710273       130.6418921
 -1.36750   0.649    1.9707887       130.5701649
 -1.36500   0.649    1.9705427       130.4858081
 -1.36250   0.649    1.9702891       130.3882026
 -1.36000   0.649    1.9700277       130.2766853
 -1.35750   0.649    1.9697580       130.1505437
 -1.35500   0.649    1.9694799       130.0090099
 -1.35250   0.649    1.9691929       129.8512531
 -1.35000   0.649    1.9688967       129.6763721
 -1.34750   0.649    1.9685909       129.4833838
 -1.34500   0.649    1.9682752       129.2712144
 -1.34250   0.649    1.9679492       129.0386832
 -1.34000   0.649    1.9676124       128.7844872
 -1.33750   0.649    1.9672643       128.5071811
 -1.33500   0.649    1.9669044       128.2051534
 -1.33250   0.649    1.9665324       127.8765956
 -1.33000   0.649    1.9661475       127.5194678
 -1.32750   0.649    1.9657493       127.1314504
 -1.32500   0.649    1.9653371       126.7098871
 -1.32250   0.649    1.9649102       126.2517094
 -1.32000   0.649    1.9644681       125.7533395
 -1.31750   0.649    1.9640100       125.2105614
 -1.31500   0.649    1.9635351       124.6183453
 -1.31250   0.649    1.9630425       123.9706094
 -1.31000   0.649    1.9625315       123.2598745
 -1.30750   0.649    1.9620010       122.4767713
 -1.30500   0.649    1.9614501       121.6092865
 -1.30250   0.649    1.9608777       120.6415777
 -1.30000   0.649    1.9602829       119.5520154
 -1.29750   0.649    1.9596634       118.3095816
 -1.29500   0.649    1.9590188       116.8671629
 -1.29250   0.649    1.9583470       115.1461544
 -1.29000   0.649    1.9576458       112.9955412
 -1.28750   0.649    1.9569118       110.0354868
 -1.28500   0.649    1.9561292       103.6550348
 -1.28250   0.649    1.9551912       102.2192545
 -1.28000   0.649    1.9543031       102.6323511
 -1.27750   0.649    1.9533903       103.0640834
 -1.27500   0.649    1.9524441       103.5130086
 -1.27250   0.649    1.9514598       103.9794476
 -1.27000   0.649    1.9504335       104.4641429
 -1.26750   0.649    1.9493621       104.9680323
 -1.26500   0.649    1.9482423       105.4921898
 -1.26250   0.649    1.9470706       106.0378107
 -1.26000   0.649    1.9458435       106.6062112
 -1.25750   0.649    1.9445575       107.1988365
 -1.25500   0.649    1.9432260       107.8174889
 -1.25250   0.649    1.9417923       108.4632621
 -1.25000   0.649    1.9403043       109.1387233
 -1.24750   0.649    1.9387398       109.8457729
 -1.24500   0.649    1.9370933       110.5867541
 -1.24250   0.649    1.9353592       111.3642687
 -1.24000   0.649    1.9335313       112.1812163
 -1.23750   0.649    1.9316027       113.0408413
 -1.23500   0.649    1.9295661       113.9467891
 -1.23250   0.649    1.9274133       114.9031727
 -1.23000   0.649    1.9251359       115.9146667
 -1.22750   0.649    1.9227239       116.9865900
 -1.22500   0.649    1.9201666       118.1250540
 -1.22250   0.649    1.9174524       119.3371126
 -1.22000   0.649    1.9145682       120.6309660
 -1.21750   0.649    1.9114995       122.0162174
 -1.21500   0.649    1.9082303       123.5042043
 -1.21250   0.649    1.9047425       125.1084288
 -1.21000   0.649    1.9010156       126.8451217
 -1.20750   0.649    1.8970266       128.7339972
 -1.20500   0.649    1.8927491       130.7992677
 -1.20250   0.649    1.8881526       133.0710341
 -1.20000   0.649    1.8832019       135.5872175
 -1.19750   0.649    1.8778552       138.3962906
 -1.19500   0.649    1.8720630       141.5612098
 -1.19250   0.649    1.8657650       145.1651954
 -1.19000   0.649    1.8588866       149.3204233
 -1.18750   0.649    1.8513336       154.1814306
 -1.18500   0.649    1.8429831       159.9663918
 -1.18250   0.649    1.8336704       166.9920054
 -1.18000   0.649    1.8231657       175.7328692
 -1.17750   0.649    1.8111347       186.9269780
 -1.17500   0.649    1.7970656       201.7729013
 -1.17250   0.649    1.7801272       222.3209494
 -1.17000   0.649    1.7588736       252.3066899
 -1.16750   0.649    1.7305710       299.0869471
 -1.16500   0.649    1.6895069       378.6278031
 -1.16250   0.649    1.6222388       529.9710973
 -1.16000   0.649    1.4931909       861.3226503
 -1.15750   0.649    1.2160289      1659.2284504
 -1.15500   0.649    0.9057809      2701.5035694
 -1.15250   0.649    1.2214393      1847.1339304
 -1.15000   0.649    1.4929569       959.2497362
 -1.14750   0.649    1.5865887       588.8192490
 -1.14500   0.649    1.6131761       426.2587722
 -1.14250   0.649    1.6137375       345.4297181
 -1.14000   0.649    1.6021747       301.3084828
 -1.13750   0.649    1.5838322       275.7823212
 -1.13500   0.649    1.5610336       260.6144320
 -1.13250   0.649    1.5349048       251.6573627
 -1.13000   0.649    1.5060573       246.6391919
 -1.12750   0.649    1.4748779       244.2214463
 -1.12500   0.649    1.4416665       243.5608961
 -1.12250   0.649    1.4067084       244.0902173
 -1.12000   0.649    1.3703164       245.4015197
 -1.11750   0.649    1.3328566       247.1817376
 -1.11500   0.649    1.2947625       249.1759729
 -1.11250   0.649    1.2565398       251.1668586
 -1.11000   0.649    1.2187622       252.9640820
 -1.10750   0.649    1.1820563       254.3994679
 -1.10500   0.649    1.1470794       255.3277784
 -1.10250   0.649    1.1144866       255.6283127
 -1.10000   0.649    1.0848932       255.2085887
 -1.09750   0.649    1.0588357       254.0088359
 -1.09500   0.649    1.0367335       251.9989871
 -1.09250   0.649    1.0188629       249.1909687
 -1.09000   0.649    1.0053357       245.6212825
 -1.08750   0.649    0.9960973       241.3578245
 -1.08500   0.649    0.9909346       236.4892487
 -1.08250   0.649    0.9894966       231.1184353
 -1.08000   0.649    0.9913223       225.3549315
 -1.07750   0.649    0.9958715       219.3078974
 -1.07500   0.649    1.0025556       213.0801218
 -1.07250   0.649    1.0107629       206.7633896
 -1.07000   0.649    1.0198781       200.4352245
 -1.06750   0.649    1.0292924       194.1567861
 -1.06500   0.649    1.0384038       187.9715000
 -1.06250   0.649    1.0466044       181.9037750
 -1.06000   0.649    1.0532507       175.9567775
 -1.05750   0.649    1.0576033       170.1072945
 -1.05500   0.649    1.0587011       164.2929023
 -1.05250   0.649    1.0550594       158.3763912
 -1.05000   0.649    1.0437020       152.0202063
 -1.04750   0.649    1.0141083       143.8311786
 -1.04500   0.649    0.9719595       136.8390083
 -1.04250   0.649    0.9711456       136.6773040
 -1.04000   0.649    0.9704639       136.4659480
 -1.03750   0.649    0.9698016       136.2563191
 -1.03500   0.649    0.9691281       136.0608361
 -1.03250   0.649    0.9684298       135.8828079
 -1.03000   0.649    0.9676987       135.7224640
 -1.02750   0.649    0.9669293       135.5788472
 -1.02500   0.649    0.9661171       135.4505445
 -1.02250   0.649    0.9652582       135.3360044
 -1.02000   0.649    0.9643487       135.2336862
 -1.01750   0.649    0.9633845       135.1421306
 -1.01500   0.649    0.9623617       135.0599937
 -1.01250   0.649    0.9612757       134.9860622
 -1.01000   0.649    0.9601217       134.9192588
 -1.00750   0.649    0.9588944       134.8586430
 -1.00500   0.649    0.9575882       134.8034082
 -1.00250   0.649    0.9561965       134.7528800
 -1.00000   0.649    0.9547124       134.7065109
 -0.99750   0.649    0.9531281       134.6638779
 -0.99500   0.649    0.9514347       134.6246783
 -0.99250   0.649    0.9496227       134.5887266
 -0.99000   0.649    0.9476812       134.5559520
 -0.98750   0.649    0.9455981       134.5263959
 -0.98500   0.649    0.9433598       134.5002092
 -0.98250   0.649    0.9409511       134.4776521
 -0.98000   0.649    0.9383548       134.4590921
 -0.97750   0.649    0.9355514       134.4450042
 -0.97500   0.649    0.9325188       134.4359709
 -0.97250   0.649    0.9292320       134.4326842
 -0.97000   0.649    0.9256623       134.4359463
 -0.96750   0.649    0.9217767       134.4466748
 -0.96500   0.649    0.9175372       134.4659065
 -0.96250   0.649    0.9128998       134.4948047
 -0.96000   0.649    0.9078132       134.5346687
 -0.95750   0.649    0.9022172       134.5869456
 -0.95500   0.649    0.8960406       134.6532477
 -0.95250   0.649    0.8891986       134.7353728
 -0.95000   0.649    0.8815895       134.8353351
 -0.94750   0.649    0.8730899       134.9554020
 -0.94500   0.649    0.8635481       135.0981470
 -0.94250   0.649    0.8527757       135.2665202
 -0.94000   0.649    0.8405353       135.4639480
 -0.93750   0.649    0.8265217       135.6944728
 -0.93500   0.649    0.8103351       135.9629595
 -0.93250   0.649    0.7914383       136.2754068
 -0.93000   0.649    0.7690870       136.6394401
 -0.92750   0.649    0.7422094       137.0651338
 -0.92500   0.649    0.7091815       137.5664862
 -0.92250   0.649    0.6673673       138.1643296
 -0.92000   0.649    0.6120335       138.8929112
 -0.91750   0.649    0.5331682       139.8183333
 -0.91500   0.649    0.4013428       141.1161845
 -0.91250   0.649    0.0023387       140.5198120
 -0.91000   0.649    0.0006942       135.3100449
 -0.90750   0.649    0.0004383       132.2915942
 -0.90500   0.649    0.0003216       129.9206578
 -0.90250   0.649    0.0002528       127.8940538
 -0.90000   0.649    0.0002070       126.0878564
 -0.89750   0.649    0.0001741       124.4374609
 -0.89500   0.649    0.0001493       122.9044458
 -0.89250   0.649    0.0001299       121.4639659
 -0.89000   0.649    0.0001143       120.0989933
 -0.88750   0.649    0.0001015       118.7973465
 -0.88500   0.649    0.0000909       117.5500178
 -0.88250   0.649    0.0000819       116.3501667
 -0.88000   0.649    0.0000742       115.1924831
 -0.87750   0.649    0.0000676       114.0727665
 -0.87500   0.649    0.0000618       112.9876385
 -0.87250   0.649    0.0000567       111.9343413
 -0.87000   0.649    0.0000522       110.9105920
 -0.86750   0.649    0.0000482       109.9144769
 -0.86500   0.649    0.0000446       108.9443715
 -0.86250   0.649    0.0000414       107.9988811
 -0.86000   0.649    0.0000386       107.0767944
 -0.85750   0.649    0.0000360       106.1770485
 -0.85500   0.649    0.0000336       105.2987001
 -0.85250   0.649    0.0000314       104.4409061
 -0.85000   0.649    0.0000295       103.6029038
 -0.84750   0.649    0.0000277       102.7839988
 -0.84500   0.649    0.0000260       101.9835540
 -0.84250   0.649    0.0000245       101.2009804
 -0.84000   0.649    0.0000231       100.4357294
 -0.83750   0.649    0.0000218        99.6872931
 -0.83500   0.649    0.0000206        98.9551872
 -0.83250   0.649    0.0000195        98.2389603
 -0.83000   0.649    0.0000184        97.5381839
 -0.82750   0.649    0.0000175        96.8524520
 -0.82500   0.649    0.0000166        96.1813787
 -0.82250   0.649    0.0000157        95.5245964
 -0.82000   0.649    0.0000150        94.8817549
 -0.81750   0.649    0.0000142        94.2525200
 -0.81500   0.649    0.0000135        93.6364826
 -0.81250   0.649    0.0000129        93.0336077
 -0.81000   0.649    0.0000123        92.4433349
 -0.80750   0.649    0.0000117        91.8654752
 -0.80500   0.649    0.0000112        91.2997633
 -0.80250   0.649    0.0000107        90.7459456
 -0.80000   0.649    0.0000102        90.2037799
 -0.79750   0.649    0.0000098        89.6730355
 -0.79500   0.649    0.0000094        89.1534922
 -0.79250   0.649    0.0000090        88.6449403
 -0.79000   0.649    0.0000086        88.1471803
 -0.78750   0.649    0.0000082        87.6600223
 -0.78500   0.649    0.0000079        87.1832856
 -0.78250   0.649    0.0000076        86.7167987
 -0.78000   0.649    0.0000073        86.2603988
 -0.77750   0.649    0.0000070        85.8139313
 -0.77500   0.649    0.0000067        85.3772496
 -0.77250   0.649    0.0000064        84.9502149
 -0.77000   0.649    0.0000062        84.5326953
 -0.76750   0.649    0.0000060        84.1245664
 -0.76500   0.649    0.0000057        83.7257099
 -0.76250   0.649    0.0000055        83.3360141
 -0.76000   0.649    0.0000053        82.9553730
 -0.75750   0.649    0.0000051        82.5836862
 -0.75500   0.649    0.0000049        82.2208586
 -0.75250   0.649    0.0000048        81.8667999
 -0.75000   0.649    0.0000046        81.5214246
 -0.74750   0.649    0.0000044        81.1846509
 -0.74500   0.649    0.0000043        80.8564014
 -0.74250   0.649    0.0000041        80.5366020
 -0.74000   0.649    0.0000040        80.2251818
 -0.73750   0.649    0.0000038        79.9220729
 -0.73500   0.649    0.0000037        79.6272103
 -0.73250   0.649    0.0000036        79.3405307
 -0.73000   0.649    0.0000035        79.0619733
 -0.72750   0.649    0.0000034        78.7914789
 -0.72500   0.649    0.0000032        78.5289896
 -0.72250   0.649    0.0000031        78.2744488
 -0.72000   0.649    0.0000030        78.0278008
 -0.71750   0.649    0.0000029        77.7889906
 -0.71500   0.649    0.0000029        77.5579634
 -0.71250   0.649    0.0000028        77.3348606
 -0.71000   0.649    0.0000027        77.1190398
 -0.70750   0.649    0.0000026        76.9110339
 -0.70500   0.649    0.0000025        76.7105911
 -0.70250   0.649    0.0000024        76.5176555
 -0.70000   0.649    0.0000024        76.3321698
 -0.69750   0.649    0.0000023        76.1540759
 -0.69500   0.649    0.0000022        75.9833134
 -0.69250   0.649    0.0000022        75.8198217
 -0.69000   0.649    0.0000021        75.6635377
 -0.68750   0.649    0.0000020        75.5143967
 -0.68500   0.649    0.0000020        75.3723320
 -0.68250   0.649    0.0000019        75.2372746
 -0.68000   0.649    0.0000019        75.1091535
 -0.67750   0.649    0.0000018        74.9878949
 -0.67500   0.649    0.0000018        74.8734227
 -0.67250   0.649    0.0000017        74.7656582
 -0.67000   0.649    0.0000017        74.6645198
 -0.66750   0.649    0.0000016        74.5699229
 -0.66500   0.649    0.0000016        74.4817801
 -0.66250   0.649    0.0000015        74.4000011
 -0.66000   0.649    0.0000015        74.3244920
 -0.65750   0.649    0.0000014        74.2551560
 -0.65500   0.649    0.0000014        74.1918928
 -0.65250   0.649    0.0000014        74.1345990
 -0.65000   0.649    0.0000013        74.0831673
 -0.64750   0.649    0.0000013        74.0374873
 -0.64500   0.649    0.0000013        73.9974449
 -0.64250   0.649    0.0000012        73.9629223
 -0.64000   0.649    0.0000012        73.9337982
 -0.63750   0.649    0.0000012        73.9099474
 -0.63500   0.649    0.0000011        73.8912411
 -0.63250   0.649    0.0000011        73.8775466
 -0.63000   0.649    0.0000011        73.8687276
 -0.62750   0.649    0.0000011        73.8646438
 -0.62500   0.649    0.0000010        73.8651508
 -0.62250   0.649    0.0000010        73.8701008
 -0.62000   0.649    0.0000010        73.8793415
 -0.61750   0.649    0.0000010        73.8927171
 -0.61500   0.649    0.0000009        73.9100676
 -0.61250   0.649    0.0000009        73.9312290
 -0.61000   0.649    0.0000009        73.9560333
 -0.60750   0.649    0.0000009        73.9843084
 -0.60500   0.649    0.0000008        74.0158783
 -0.60250   0.649    0.0000008        74.0505625
 -0.60000   0.649    0.0000008        74.0881769
 -0.59750   0.649    0.0000008        74.1285329
 -0.59500   0.649    0.0000008        74.1714379
 -0.59250   0.649    0.0000007        74.2166949
 -0.59000   0.649    0.0000007        74.2641029
 -0.58750   0.649    0.0000007        74.3134564
 -0.58500   0.649    0.0000007        74.3645458
 -0.58250   0.649    0.0000007        74.4171571
 -0.58000   0.649    0.0000007        74.4710718
 -0.57750   0.649    0.0000007        74.5260670
 -0.57500   0.649    0.0000006        74.5819155
 -0.57250   0.649    0.0000006        74.6383853
 -0.57000   0.649    0.0000006        74.6952398
 -0.56750   0.649    0.0000006        74.7522379
 -0.56500   0.649    0.0000006        74.8091335
 -0.56250   0.649    0.0000006        74.8656758
 -0.56000   0.649    0.0000006        74.9216090
 -0.55750   0.649    0.0000005        74.9766721
 -0.55500   0.649    0.0000005        75.0305991
 -0.55250   0.649    0.0000005        75.0831187
 -0.55000   0.649    0.0000005        75.1339538
 -0.54750   0.649    0.0000005        75.1828221
 -0.54500   0.649    0.0000005        75.2294354
 -0.54250   0.649    0.0000005        75.2734993
 -0.54000   0.649    0.0000005        75.3147134
 -0.53750   0.649    0.0000005        75.3527709
 -0.53500   0.649    0.0000004        75.3873583
 -0.53250   0.649    0.0000004        75.4181551
 -0.53000   0.649    0.0000004        75.4448337
 -0.52750   0.649    0.0000004        75.4670588
 -0.52500   0.649    0.0000004        75.4844873
 -0.52250   0.649    0.0000004        75.4967676
 -0.52000   0.649    0.0000004        75.5035394
 -0.51750   0.649    0.0000004        75.5044334
 -0.51500   0.649    0.0000004        75.4990702
 -0.51250   0.649    0.0000004        75.4870602
 -0.51000   0.649    0.0000004        75.4680028
 -0.50750   0.649    0.0000003        75.4414857
 -0.50500   0.649    0.0000003        75.4070841
 -0.50250   0.649    0.0000003        75.3643598
 -0.50000   0.649    0.0000003        75.3128604
 -0.49750   0.649    0.0000003        75.2521179
 -0.49500   0.649    0.0000003        75.1816480
 -0.49250   0.649    0.0000003        75.1009483
 -0.49000   0.649    0.0000003        75.0094968
 -0.48750   0.649    0.0000003        74.9067508
 -0.48500   0.649    0.0000003        74.7921442
 -0.48250   0.649    0.0000003        74.6650559
 -0.48000   0.649    0.0000003        74.5249576
 -0.47750   0.649    0.0000003        74.3711102
 -0.47500   0.649    0.0000003        74.2028614
 -0.47250   0.649    0.0000002        74.0194920
 -0.47000   0.649    0.0000002        73.8202415
 -0.46750   0.649    0.0000002        73.6043035
 -0.46500   0.649    0.0000002        73.3708205
 -0.46250   0.649    0.0000002        73.1188769
 -0.46000   0.649    0.0000002        72.8474918
 -0.45750   0.649    0.0000002        72.5556101
 -0.45500   0.649    0.0000002        72.2420918
 -0.45250   0.649    0.0000002        71.9056994
 -0.45000   0.649    0.0000002        71.5450830
 -0.44750   0.649    0.0000002        71.1587614
 -0.44500   0.649    0.0000002        70.7450994
 -0.44250   0.649    0.0000002        70.3022804
 -0.44000   0.649    0.0000002        69.8282705
 -0.43750   0.649    0.0000002        69.3207747
 -0.43500   0.649    0.0000002        68.7777831
 -0.43250   0.649    0.0000002        68.1944781
 -0.43000   0.649    0.0000002        67.5691726
 -0.42750   0.649    0.0000001        66.8971396
 -0.42500   0.649    0.0000001        66.1734457
 -0.42250   0.649    0.0000001        65.3920855
 -0.42000   0.649    0.0000001        64.5455831
 -0.41750   0.649    0.0000001        63.6244832
 -0.41500   0.649    0.0000001        62.6162807
 -0.41250   0.649    0.0000001        61.5040195
 -0.41000   0.649    0.0000001        60.2634356
 -0.40750   0.649    0.0000001        58.8574765
 -0.40500   0.649    0.0000001        57.2239186
 -0.40250   0.649    0.0000001        55.2411749
 -0.40000   0.649    0.0000001        52.5909561
 -0.39750   0.649    0.0000001        46.4218181
 -0.39500   0.649    0.0000001        46.3440248
 -0.39250   0.649    0.0000001        46.2985529
 -0.39000   0.649    0.0000001        46.2447017
 -0.38750   0.649    0.0000000        46.1808110
 -0.38500   0.649    0.0000000        46.1061800
 -0.38250   0.649    0.0000000        46.0203039
 -0.38000   0.649    0.0000000        45.9227345
 -0.37750   0.649    0.0000000        45.8130397
 -0.37500   0.649    0.0000000        45.6907874
 -0.37250   0.649    0.0000000        45.5555375
 -0.37000   0.649    0.0000000        45.4068377
 -0.36750   0.649    0.0000000        45.2442203
 -0.36500   0.649    0.0000000        45.0672001
 -0.36250   0.649    0.0000000        44.8752712
 -0.36000   0.649    0.0000000        44.6679055
 -0.35750   0.649    0.0000000        44.4445502
 -0.35500   0.649    0.0000000        44.2046248
 -0.35250   0.649    0.0000000        43.9475188
 -0.35000   0.649    0.0000000        43.6725881
 -0.34750   0.649    0.0000000        43.3791520
 -0.34500   0.649    0.0000000        43.0664890
 -0.34250   0.649    0.0000000        42.7338325
 -0.34000   0.649    0.0000000        42.3803653
 -0.33750   0.649    0.0000000        42.0052144
 -0.33500   0.649    0.0000000        41.6074439
 -0.33250   0.649    0.0000000        41.1860475
 -0.33000   0.649    0.0000000        40.7399391
 -0.32750   0.649    0.0000000        40.2679427
 -0.32500   0.649    0.0000000        39.7687801
 -0.32250   0.649    0.0000000        39.2410557
 -0.32000   0.649    0.0000000        38.6832397
 -0.31750   0.649    0.0000000        38.0936466
 -0.31500   0.649    0.0000000        37.4704103
 -0.31250   0.649    0.0000000        36.8114531
 -0.31000   0.649    0.0000000        36.1144472
 -0.30750   0.649    0.0000000        35.3767680
 -0.30500   0.649    0.0000000        34.5954338
 -0.30250   0.649    0.0000000        33.7670298
 -0.30000   0.649    0.0000000        32.8876096
 -0.29750   0.649    0.0000000        31.9525653
 -0.29500   0.649    0.0000000        30.9564545
 -0.29250   0.649    0.0000000        29.8927621
 -0.29000   0.649    0.0000000        28.7535685
 -0.28750   0.649    0.0000000        27.5290699
 -0.28500   0.649    0.0000000        26.2068652
 -0.28250   0.649    0.0000000        24.7708486
 -0.28000   0.649    0.0000000        23.1994075
 -0.27750   0.649    0.0000000        21.4622961
 -0.27500   0.649    0.0000000        19.5147592
 -0.27250   0.649    0.0000000        17.2851833
 -0.27000   0.649    0.0000000        14.6445570
 -0.26750   0.649    0.0000000        11.3074398
 -0.26500   0.649    0.0000000         6.2392759
 -0.26250   0.649    0.0000000         0.0330475
 -0.26000   0.649    0.0000000         0.0231727
 -0.25750   0.649    0.0000000         0.0199490
 -0.25500   0.649    0.0000000         0.0182231
 -0.25250   0.649    0.0000000         0.0171138
 -0.25000   0.649    0.0000000         0.0163275
 -0.24750   0.649    0.0000000         0.0157347
 -0.24500   0.649    0.0000000         0.0152684
 -0.24250   0.649    0.0000000         0.0148900
 -0.24000   0.649    0.0000000         0.0145755
 -0.23750   0.649    0.0000000         0.0143092
 -0.23500   0.649    0.0000000         0.0140803
 -0.23250   0.649    0.0000000         0.0138810
 -0.23000   0.649    0.0000000         0.0137058
 -0.22750   0.649    0.0000000         0.0135502
 -0.22500   0.649    0.0000000         0.0134110
 -0.22250   0.649    0.0000000         0.0132857
 -0.22000   0.649    0.0000000         0.0131722
 -0.21750   0.649    0.0000000         0.0130688
 -0.21500   0.649    0.0000000         0.0129743
 -0.21250   0.649    0.0000000         0.0128875
 -0.21000   0.649    0.0000000         0.0128075
 -0.20750   0.649    0.0000000         0.0127335
 -0.20500   0.649    0.0000000         0.0126648
 -0.20250   0.649    0.0000000         0.0126010
 -0.20000   0.649    0.0000000         0.0125414
 -0.19750   0.649    0.0000000         0.0124858
 -0.19500   0.649    0.0000000         0.0124337
 -0.19250   0.649    0.0000000         0.0123848
 -0.19000   0.649    0.0000000         0.0123388
 -0.18750   0.649    0.0000000         0.0122956
 -0.18500   0.649    0.0000000         0.0122548
 -0.18250   0.649    0.0000000         0.0122163
 -0.18000   0.649    0.0000000         0.0121800
 -0.17750   0.649    0.0000000         0.0121456
 -0.17500   0.649    0.0000000         0.0121130
 -0.17250   0.649    0.0000000         0.0120821
 -0.17000   0.649    0.0000000         0.0120528
 -0.16750   0.649    0.0000000         0.0120249
 -0.16500   0.649    0.0000000         0.0119985
 -0.16250   0.649    0.0000000         0.0119734
 -0.16000   0.649    0.0000000         0.0119495
 -0.15750   0.649    0.0000000         0.0119267
 -0.15500   0.649    0.0000000         0.0119050
 -0.15250   0.649    0.0000000         0.0118844
 -0.15000   0.649    0.0000000         0.0118648
 -0.14750   0.649    0.0000000         0.0118460
 -0.14500   0.649    0.0000000         0.0118282
 -0.14250   0.649    0.0000000         0.0118112
 -0.14000   0.649    0.0000000         0.0117950
 -0.13750   0.649    0.0000000         0.0117796
 -0.13500   0.649    0.0000000         0.0117649
 -0.13250   0.649    0.0000000         0.0117508
 -0.13000   0.649    0.0000000         0.0117375
 -0.12750   0.649    0.0000000         0.0117248
 -0.12500   0.649    0.0000000         0.0117127
 -0.12250   0.649    0.0000000         0.0117012
 -0.12000   0.649    0.0000000         0.0116902
 -0.11750   0.649    0.0000000         0.0116799
 -0.11500   0.649    0.0000000         0.0116700
 -0.11250   0.649    0.0000000         0.0116606
 -0.11000   0.649    0.0000000         0.0116518
 -0.10750   0.649    0.0000000         0.0116434
 -0.10500   0.649    0.0000000         0.0116355
 -0.10250   0.649    0.0000000         0.0116280
 -0.10000   0.649    0.0000000         0.0116210
 -0.09750   0.649    0.0000000         0.0116144
 -0.09500   0.649    0.0000000         0.0116082
 -0.09250   0.649    0.0000000         0.0116024
 -0.09000   0.649    0.0000000         0.0115970
 -0.08750   0.649    0.0000000         0.0115919
 -0.08500   0.649    0.0000000         0.0115873
 -0.08250   0.649    0.0000000         0.0115830
 -0.08000   0.649    0.0000000         0.0115791
 -0.07750   0.649    0.0000000         0.0115755
 -0.07500   0.649    0.0000000         0.0115722
 -0.07250   0.649    0.0000000         0.0115693
 -0.07000   0.649    0.0000000         0.0115668
 -0.06750   0.649    0.0000000         0.0115645
 -0.06500   0.649    0.0000000         0.0115626
 -0.06250   0.649    0.0000000         0.0115610
 -0.06000   0.649    0.0000000         0.0115597
 -0.05750   0.649    0.0000000         0.0115587
 -0.05500   0.649    0.0000000         0.0115580
 -0.05250   0.649    0.0000000         0.0115576
 -0.05000   0.649    0.0000000         0.0115575
 -0.04750   0.649    0.0000000         0.0115577
 -0.04500   0.649    0.0000000         0.0115582
 -0.04250   0.649    0.0000000         0.0115590
 -0.04000   0.649    0.0000000         0.0115601
 -0.03750   0.649    0.0000000         0.0115615
 -0.03500   0.649    0.0000000         0.0115631
 -0.03250   0.649    0.0000000         0.0115651
 -0.03000   0.649    0.0000000         0.0115673
 -0.02750   0.649    0.0000000         0.0115698
 -0.02500   0.649    0.0000000         0.0115726
 -0.02250   0.649    0.0000000         0.0115757
 -0.02000   0.649    0.0000000         0.0115791
 -0.01750   0.649    0.0000000         0.0115828
 -0.01500   0.649    0.0000000         0.0115867
 -0.01250   0.649    0.0000000         0.0115910
 -0.01000   0.649    0.0000000         0.0115955
 -0.00750   0.649    0.0000000         0.0116003
 -0.00500   0.649    0.0000000         0.0116054
 -0.00250   0.649    0.0000000         0.0116109
  0.00000   0.649    0.0000000         0.0116166
