 -2.00000   0.651    2.5254559       360.4284836
 -1.99750   0.651    2.5074781       363.4924468
 -1.99500   0.651    2.4895766       366.4418736
 -1.99250   0.651    2.4718545       369.2494044
 -1.99000   0.651    2.4544146       371.8874099
 -1.98750   0.651    2.4373563       374.3292765
 -1.98500   0.651    2.4207710       376.5502416
 -1.98250   0.651    2.4047381       378.5283767
 -1.98000   0.651    2.3893208       380.2453897
 -1.97750   0.651    2.3745612       381.6873460
 -1.97500   0.651    2.3604767       382.8452032
 -1.97250   0.651    2.3470555       383.7151013
 -1.97000   0.651    2.3342529       384.2984443
 -1.96750   0.651    2.3219876       384.6015567
 -1.96500   0.651    2.3101375       384.6352037
 -1.96250   0.651    2.2985346       384.4136940
 -1.96000   0.651    2.2869584       383.9537239
 -1.95750   0.651    2.2751248       383.2728962
 -1.95500   0.651    2.2626699       382.3878593
 -1.95250   0.651    2.2491210       381.3119313
 -1.95000   0.651    2.2338488       380.0523980
 -1.94750   0.651    2.2159578       378.5986149
 -1.94500   0.651    2.1941458       376.9323836
 -1.94250   0.651    2.1662214       374.9810332
 -1.94000   0.651    2.1279893       372.5839702
 -1.93750   0.651    2.0687608       369.2832396
 -1.93500   0.651    1.9128517       361.6055874
 -1.93250   0.651    1.8769554       349.2189953
 -1.93000   0.651    1.8835963       346.2725407
 -1.92750   0.651    1.8884140       344.6692549
 -1.92500   0.651    1.8922433       343.7601564
 -1.92250   0.651    1.8954228       343.2897302
 -1.92000   0.651    1.8981330       343.1213868
 -1.91750   0.651    1.9004846       343.1692299
 -1.91500   0.651    1.9025522       343.3728793
 -1.91250   0.651    1.9043893       343.6863980
 -1.91000   0.651    1.9060366       344.0726840
 -1.90750   0.651    1.9075260       344.5004021
 -1.90500   0.651    1.9088825       344.9421457
 -1.90250   0.651    1.9101327       345.3737771
 -1.90000   0.651    1.9112914       345.7730964
 -1.89750   0.651    1.9123773       346.1202702
 -1.89500   0.651    1.9134060       346.3973298
 -1.89250   0.651    1.9143915       346.5882264
 -1.89000   0.651    1.9153469       346.6788736
 -1.88750   0.651    1.9162841       346.6572379
 -1.88500   0.651    1.9172139       346.5133541
 -1.88250   0.651    1.9181463       346.2393792
 -1.88000   0.651    1.9190896       345.8295076
 -1.87750   0.651    1.9200511       345.2798124
 -1.87500   0.651    1.9210367       344.5879601
 -1.87250   0.651    1.9220507       343.7527881
 -1.87000   0.651    1.9230960       342.7737299
 -1.86750   0.651    1.9241736       341.6500708
 -1.86500   0.651    1.9252832       340.3800058
 -1.86250   0.651    1.9264230       338.9594307
 -1.86000   0.651    1.9275894       337.3803420
 -1.85750   0.651    1.9287777       335.6285363
 -1.85500   0.651    1.9299817       333.6799762
 -1.85250   0.651    1.9311935       331.4942682
 -1.85000   0.651    1.9324030       329.0010952
 -1.84750   0.651    1.9335958       326.0659945
 -1.84500   0.651    1.9347458       322.3742770
 -1.84250   0.651    1.9357556       316.5491419
 -1.84000   0.651    1.9367192       311.2198084
 -1.83750   0.651    1.9380296       310.5951726
 -1.83500   0.651    1.9393400       309.9826981
 -1.83250   0.651    1.9406325       309.3643951
 -1.83000   0.651    1.9418985       308.7350537
 -1.82750   0.651    1.9431316       308.0933647
 -1.82500   0.651    1.9443267       307.4405451
 -1.82250   0.651    1.9454791       306.7802750
 -1.82000   0.651    1.9465847       306.1190004
 -1.81750   0.651    1.9476395       305.4664023
 -1.81500   0.651    1.9486396       304.8359685
 -1.81250   0.651    1.9495811       304.2456505
 -1.81000   0.651    1.9504599       303.7186123
 -1.80750   0.651    1.9512715       303.2840842
 -1.80500   0.651    1.9520107       302.9783454
 -1.80250   0.651    1.9526714       302.8458650
 -1.80000   0.651    1.9532464       302.9406346
 -1.79750   0.651    1.9537272       303.3277182
 -1.79500   0.651    1.9541030       304.0847033
 -1.79250   0.651    1.9543589       305.3122560
 -1.79000   0.651    1.9544816       307.1077729
 -1.78750   0.651    1.9544474       309.6152432
 -1.78500   0.651    1.9542296       312.9922966
 -1.78250   0.651    1.9537933       317.4304281
 -1.78000   0.651    1.9530927       323.1605005
 -1.77750   0.651    1.9520675       330.4623712
 -1.77500   0.651    1.9506369       339.6779772
 -1.77250   0.651    1.9486909       351.2293924
 -1.77000   0.651    1.9460780       365.6443790
 -1.76750   0.651    1.9425846       383.5935820
 -1.76500   0.651    1.9379035       405.9464054
 -1.76250   0.651    1.9315823       433.8579536
 -1.76000   0.651    1.9229356       468.9093217
 -1.75750   0.651    1.9108933       513.3435518
 -1.75500   0.651    1.8937211       570.4758785
 -1.75250   0.651    1.8685174       645.4470008
 -1.75000   0.651    1.8302113       746.6031950
 -1.74750   0.651    1.7696998       888.0281469
 -1.74500   0.651    1.6707068      1093.3618176
 -1.74250   0.651    1.5078804      1395.9166371
 -1.74000   0.651    1.2671272      1800.3213921
 -1.73750   0.651    1.0446062      2117.7098143
 -1.73500   0.651    1.0635336      1827.7491143
 -1.73250   0.651    1.2859223      1148.4592677
 -1.73000   0.651    1.5008688       807.8906665
 -1.72750   0.651    1.6464601       585.1601907
 -1.72500   0.651    1.7387228       447.2547279
 -1.72250   0.651    1.7981781       360.0152497
 -1.72000   0.651    1.8379607       302.5657798
 -1.71750   0.651    1.8656520       263.1481309
 -1.71500   0.651    1.8856335       235.0813615
 -1.71250   0.651    1.9005128       214.4426632
 -1.71000   0.651    1.9118979       198.8399971
 -1.70750   0.651    1.9208158       186.7603978
 -1.70500   0.651    1.9279445       177.2143128
 -1.70250   0.651    1.9337444       169.5347875
 -1.70000   0.651    1.9385368       163.2601092
 -1.69750   0.651    1.9425507       158.0629405
 -1.69500   0.651    1.9459538       153.7062776
 -1.69250   0.651    1.9488698       150.0151590
 -1.69000   0.651    1.9513925       146.8582738
 -1.68750   0.651    1.9535938       144.1355148
 -1.68500   0.651    1.9555296       141.7695008
 -1.68250   0.651    1.9572439       139.6996563
 -1.68000   0.651    1.9587715       137.8780108
 -1.67750   0.651    1.9601408       136.2661723
 -1.67500   0.651    1.9613744       134.8331145
 -1.67250   0.651    1.9624912       133.5535372
 -1.67000   0.651    1.9635067       132.4066374
 -1.66750   0.651    1.9644336       131.3751775
 -1.66500   0.651    1.9652828       130.4447710
 -1.66250   0.651    1.9660634       129.6033295
 -1.66000   0.651    1.9667832       128.8406321
 -1.65750   0.651    1.9674486       128.1479850
 -1.65500   0.651    1.9680655       127.5179516
 -1.65250   0.651    1.9686387       126.9441384
 -1.65000   0.651    1.9691725       126.4210196
 -1.64750   0.651    1.9696705       125.9437974
 -1.64500   0.651    1.9701359       125.5082872
 -1.64250   0.651    1.9705718       125.1108233
 -1.64000   0.651    1.9709804       124.7481815
 -1.63750   0.651    1.9713641       124.4175144
 -1.63500   0.651    1.9717249       124.1162982
 -1.63250   0.651    1.9720644       123.8422872
 -1.63000   0.651    1.9723843       123.5934768
 -1.62750   0.651    1.9726860       123.3680709
 -1.62500   0.651    1.9729707       123.1644552
 -1.62250   0.651    1.9732396       122.9811741
 -1.62000   0.651    1.9734937       122.8169110
 -1.61750   0.651    1.9737340       122.6704715
 -1.61500   0.651    1.9739613       122.5407687
 -1.61250   0.651    1.9741763       122.4268107
 -1.61000   0.651    1.9743799       122.3276900
 -1.60750   0.651    1.9745726       122.2425737
 -1.60500   0.651    1.9747550       122.1706953
 -1.60250   0.651    1.9749277       122.1113480
 -1.60000   0.651    1.9750912       122.0638775
 -1.59750   0.651    1.9752459       122.0276776
 -1.59500   0.651    1.9753922       122.0021842
 -1.59250   0.651    1.9755307       121.9868719
 -1.59000   0.651    1.9756615       121.9812496
 -1.58750   0.651    1.9757851       121.9848585
 -1.58500   0.651    1.9759018       121.9972635
 -1.58250   0.651    1.9760118       122.0179061
 -1.58000   0.651    1.9761155       122.0468697
 -1.57750   0.651    1.9762130       122.0833268
 -1.57500   0.651    1.9763046       122.1270854
 -1.57250   0.651    1.9763906       122.1778226
 -1.57000   0.651    1.9764711       122.2352282
 -1.56750   0.651    1.9765464       122.2990063
 -1.56500   0.651    1.9766165       122.3688746
 -1.56250   0.651    1.9766818       122.4445626
 -1.56000   0.651    1.9767422       122.5258108
 -1.55750   0.651    1.9767980       122.6123696
 -1.55500   0.651    1.9768494       122.7039989
 -1.55250   0.651    1.9768964       122.8004665
 -1.55000   0.651    1.9769391       122.9015483
 -1.54750   0.651    1.9769777       123.0070271
 -1.54500   0.651    1.9770123       123.1166921
 -1.54250   0.651    1.9770430       123.2303385
 -1.54000   0.651    1.9770699       123.3477666
 -1.53750   0.651    1.9770930       123.4687824
 -1.53500   0.651    1.9771125       123.5931974
 -1.53250   0.651    1.9771278       123.7208081
 -1.53000   0.651    1.9771404       123.8514654
 -1.52750   0.651    1.9771493       123.9849679
 -1.52500   0.651    1.9771548       124.1211440
 -1.52250   0.651    1.9771569       124.2598209
 -1.52000   0.651    1.9771558       124.4008282
 -1.51750   0.651    1.9771514       124.5439976
 -1.51500   0.651    1.9771439       124.6891628
 -1.51250   0.651    1.9771332       124.8361592
 -1.51000   0.651    1.9771194       124.9848238
 -1.50750   0.651    1.9771025       125.1349950
 -1.50500   0.651    1.9770825       125.2865123
 -1.50250   0.651    1.9770596       125.4392160
 -1.50000   0.651    1.9770336       125.5929474
 -1.49750   0.651    1.9770047       125.7475482
 -1.49500   0.651    1.9769728       125.9028606
 -1.49250   0.651    1.9769380       126.0587272
 -1.49000   0.651    1.9769003       126.2149906
 -1.48750   0.651    1.9768596       126.3714930
 -1.48500   0.651    1.9768160       126.5280773
 -1.48250   0.651    1.9767695       126.6845852
 -1.48000   0.651    1.9767201       126.8408584
 -1.47750   0.651    1.9766678       126.9967376
 -1.47500   0.651    1.9766126       127.1520631
 -1.47250   0.651    1.9765545       127.3066740
 -1.47000   0.651    1.9764934       127.4604084
 -1.46750   0.651    1.9764294       127.6131033
 -1.46500   0.651    1.9763626       127.7645965
 -1.46250   0.651    1.9762924       127.9147147
 -1.46000   0.651    1.9762194       128.0632977
 -1.45750   0.651    1.9761434       128.2101732
 -1.45500   0.651    1.9760644       128.3551698
 -1.45250   0.651    1.9759822       128.4981136
 -1.45000   0.651    1.9758969       128.6388285
 -1.44750   0.651    1.9758085       128.7771358
 -1.44500   0.651    1.9757169       128.9128539
 -1.44250   0.651    1.9756220       129.0457983
 -1.44000   0.651    1.9755238       129.1757817
 -1.43750   0.651    1.9754222       129.3026121
 -1.43500   0.651    1.9753173       129.4260957
 -1.43250   0.651    1.9752089       129.5460332
 -1.43000   0.651    1.9750970       129.6622218
 -1.42750   0.651    1.9749815       129.7744540
 -1.42500   0.651    1.9748623       129.8825176
 -1.42250   0.651    1.9747394       129.9861949
 -1.42000   0.651    1.9746127       130.0852630
 -1.41750   0.651    1.9744821       130.1794928
 -1.41500   0.651    1.9743474       130.2686491
 -1.41250   0.651    1.9742087       130.3524895
 -1.41000   0.651    1.9740658       130.4307645
 -1.40750   0.651    1.9739187       130.5032166
 -1.40500   0.651    1.9737671       130.5695799
 -1.40250   0.651    1.9736110       130.6295792
 -1.40000   0.651    1.9734502       130.6829296
 -1.39750   0.651    1.9732847       130.7293353
 -1.39500   0.651    1.9731142       130.7684891
 -1.39250   0.651    1.9729387       130.8000715
 -1.39000   0.651    1.9727580       130.8237492
 -1.38750   0.651    1.9725719       130.8391743
 -1.38500   0.651    1.9723802       130.8459829
 -1.38250   0.651    1.9721829       130.8437939
 -1.38000   0.651    1.9719796       130.8322067
 -1.37750   0.651    1.9717703       130.8108002
 -1.37500   0.651    1.9715546       130.7791304
 -1.37250   0.651    1.9713324       130.7367282
 -1.37000   0.651    1.9711034       130.6830966
 -1.36750   0.651    1.9708675       130.6177080
 -1.36500   0.651    1.9706243       130.5400016
 -1.36250   0.651    1.9703733       130.4493763
 -1.36000   0.651    1.9701150       130.3451954
 -1.35750   0.651    1.9698484       130.2267667
 -1.35500   0.651    1.9695733       130.0933507
 -1.35250   0.651    1.9692896       129.9441473
 -1.35000   0.651    1.9689967       129.7782891
 -1.34750   0.651    1.9686944       129.5948324
 -1.34500   0.651    1.9683822       129.3927462
 -1.34250   0.651    1.9680598       129.1709001
 -1.34000   0.651    1.9677267       128.9280485
 -1.33750   0.651    1.9673825       128.6628120
 -1.33500   0.651    1.9670267       128.3736560
 -1.33250   0.651    1.9666587       128.0588625
 -1.33000   0.651    1.9662781       127.7164975
 -1.32750   0.651    1.9658843       127.3443682
 -1.32500   0.651    1.9654767       126.9399712
 -1.32250   0.651    1.9650546       126.5004234
 -1.32000   0.651    1.9646174       126.0223773
 -1.31750   0.651    1.9641643       125.5019033
 -1.31500   0.651    1.9636946       124.9343373
 -1.31250   0.651    1.9632074       124.3140697
 -1.31000   0.651    1.9627020       123.6342500
 -1.30750   0.651    1.9621774       122.8863620
 -1.30500   0.651    1.9616325       122.0595911
 -1.30250   0.651    1.9610664       121.1398433
 -1.30000   0.651    1.9604778       120.1081503
 -1.29750   0.651    1.9598655       118.9379076
 -1.29500   0.651    1.9592281       117.5896931
 -1.29250   0.651    1.9585639       116.0004120
 -1.29000   0.651    1.9578711       114.0565663
 -1.28750   0.651    1.9571467       111.5082127
 -1.28500   0.651    1.9563844       107.4645889
 -1.28250   0.651    1.9554715       102.2338566
 -1.28000   0.651    1.9545811       102.6424016
 -1.27750   0.651    1.9536738       103.0730038
 -1.27500   0.651    1.9527351       103.5212569
 -1.27250   0.651    1.9517595       103.9871320
 -1.27000   0.651    1.9507429       104.4712763
 -1.26750   0.651    1.9496818       104.9745877
 -1.26500   0.651    1.9485729       105.4981185
 -1.26250   0.651    1.9474127       106.0430477
 -1.26000   0.651    1.9461979       106.6106783
 -1.25750   0.651    1.9449246       107.2024417
 -1.25500   0.651    1.9435890       107.8199100
 -1.25250   0.651    1.9421868       108.4648100
 -1.25000   0.651    1.9407136       109.1390423
 -1.24750   0.651    1.9391646       109.8447035
 -1.24500   0.651    1.9375343       110.5841134
 -1.24250   0.651    1.9358173       111.3598465
 -1.24000   0.651    1.9340072       112.1747704
 -1.23750   0.651    1.9320974       113.0320914
 -1.23500   0.651    1.9300806       113.9354099
 -1.23250   0.651    1.9279488       114.8887870
 -1.23000   0.651    1.9256932       115.8968263
 -1.22750   0.651    1.9233042       116.9647743
 -1.22500   0.651    1.9207714       118.0986446
 -1.22250   0.651    1.9180830       119.3053736
 -1.22000   0.651    1.9152261       120.5930158
 -1.21750   0.651    1.9121864       121.9709934
 -1.21500   0.651    1.9089480       123.4504160
 -1.21250   0.651    1.9054930       125.0444958
 -1.21000   0.651    1.9018011       126.7690931
 -1.20750   0.651    1.8978496       128.6434412
 -1.20500   0.651    1.8936124       130.6911222
 -1.20250   0.651    1.8890594       132.9413997
 -1.20000   0.651    1.8841560       135.4310677
 -1.19750   0.651    1.8788611       138.2070565
 -1.19500   0.651    1.8731259       141.3301771
 -1.19250   0.651    1.8668916       144.8806077
 -1.19000   0.651    1.8600853       148.9661179
 -1.18750   0.651    1.8526152       153.7347074
 -1.18500   0.651    1.8443623       159.3945851
 -1.18250   0.651    1.8351679       166.2467764
 -1.18000   0.651    1.8248114       174.7403225
 -1.17750   0.651    1.8129745       185.5697611
 -1.17500   0.651    1.7991732       199.8559844
 -1.17250   0.651    1.7826289       219.5019451
 -1.17000   0.651    1.7620009       247.9427384
 -1.16750   0.651    1.7347861       291.8659349
 -1.16500   0.651    1.6958331       365.5774027
 -1.16250   0.651    1.6332314       503.4564275
 -1.16000   0.651    1.5158998       799.3532311
 -1.15750   0.651    1.2646723      1511.5504293
 -1.15500   0.651    0.9169334      2642.8289850
 -1.15250   0.651    1.1670348      2015.1887713
 -1.15000   0.651    1.4710212      1040.1028540
 -1.14750   0.651    1.5798519       622.7517839
 -1.14500   0.651    1.6118197       442.5635586
 -1.14250   0.651    1.6145582       354.3250140
 -1.14000   0.651    1.6040183       306.6618875
 -1.13750   0.651    1.5862219       279.2577886
 -1.13500   0.651    1.5637463       263.0114347
 -1.13250   0.651    1.5378227       253.3959265
 -1.13000   0.651    1.5091097       247.9564450
 -1.12750   0.651    1.4780156       245.2595229
 -1.12500   0.651    1.4448497       244.4092061
 -1.12250   0.651    1.4099010       244.8072989
 -1.12000   0.651    1.3734831       246.0268833
 -1.11750   0.651    1.3359613       247.7425608
 -1.11500   0.651    1.2977683       249.6910016
 -1.11250   0.651    1.2594093       251.6487661
 -1.11000   0.651    1.2214584       253.4207869
 -1.10750   0.651    1.1845448       254.8354333
 -1.10500   0.651    1.1493288       255.7439645
 -1.10250   0.651    1.1164708       256.0233485
 -1.10000   0.651    1.0865923       255.5789034
 -1.09750   0.651    1.0602365       254.3486685
 -1.09500   0.651    1.0373799       249.9597996
 -1.09250   0.651    1.0196561       249.4519516
 -1.09000   0.651    1.0058308       245.8323451
 -1.08750   0.651    0.9963031       241.5124980
 -1.08500   0.651    0.9908626       236.5828987
 -1.08250   0.651    0.9891530       231.1441215
 -1.08000   0.651    0.9907147       225.3099379
 -1.07750   0.651    0.9950012       219.1892879
 -1.07500   0.651    1.0014171       212.8855676
 -1.07250   0.651    1.0093419       206.4907836
 -1.07000   0.651    1.0181497       200.0821551
 -1.06750   0.651    1.0272177       193.7198505
 -1.06500   0.651    1.0359248       187.4453054
 -1.06250   0.651    1.0436362       181.2794898
 -1.06000   0.651    1.0496656       175.2195226
 -1.05750   0.651    1.0531988       169.2311554
 -1.05500   0.651    1.0531258       163.2293132
 -1.05250   0.651    1.0475954       157.0202132
 -1.05000   0.651    1.0323069       150.0581465
 -1.04750   0.651    0.9726814       137.3297897
 -1.04500   0.651    0.9711304       137.2801910
 -1.04250   0.651    0.9704193       137.0431527
 -1.04000   0.651    0.9697658       136.7952153
 -1.03750   0.651    0.9691121       136.5613370
 -1.03500   0.651    0.9684380       136.3476116
 -1.03250   0.651    0.9677336       136.1548965
 -1.03000   0.651    0.9669924       135.9822401
 -1.02750   0.651    0.9662098       135.8280058
 -1.02500   0.651    0.9653817       135.6903727
 -1.02250   0.651    0.9645044       135.5675183
 -1.02000   0.651    0.9635740       135.4577141
 -1.01750   0.651    0.9625867       135.3593655
 -1.01500   0.651    0.9615382       135.2710285
 -1.01250   0.651    0.9604241       135.1914140
 -1.01000   0.651    0.9592395       135.1193864
 -1.00750   0.651    0.9579789       135.0539599
 -1.00500   0.651    0.9566364       134.9942996
 -1.00250   0.651    0.9552055       134.9396923
 -1.00000   0.651    0.9536783       134.8895607
 -0.99750   0.651    0.9520474       134.8434882
 -0.99500   0.651    0.9503033       134.8011501
 -0.99250   0.651    0.9484361       134.7623528
 -0.99000   0.651    0.9464345       134.7270204
 -0.98750   0.651    0.9442857       134.6951920
 -0.98500   0.651    0.9419756       134.6670193
 -0.98250   0.651    0.9394882       134.6427655
 -0.98000   0.651    0.9368055       134.6228038
 -0.97750   0.651    0.9339069       134.6076171
 -0.97500   0.651    0.9307694       134.5977990
 -0.97250   0.651    0.9273664       134.5940547
 -0.97000   0.651    0.9236676       134.5972037
 -0.96750   0.651    0.9196382       134.6081836
 -0.96500   0.651    0.9152379       134.6280555
 -0.96250   0.651    0.9104200       134.6580121
 -0.96000   0.651    0.9051298       134.6993876
 -0.95750   0.651    0.8993030       134.7536712
 -0.95500   0.651    0.8928633       134.8225259
 -0.95250   0.651    0.8857197       134.9078124
 -0.95000   0.651    0.8777625       135.0116208
 -0.94750   0.651    0.8688577       135.1363141
 -0.94500   0.651    0.8588404       135.2845865
 -0.94250   0.651    0.8475044       135.4595436
 -0.94000   0.651    0.8345877       135.6648150
 -0.93750   0.651    0.8197515       135.9047165
 -0.93500   0.651    0.8025476       136.1844905
 -0.93250   0.651    0.7823667       136.5106752
 -0.93000   0.651    0.7583526       136.8917013
 -0.92750   0.651    0.7292493       137.3389136
 -0.92500   0.651    0.6931061       137.8684683
 -0.92250   0.651    0.6466426       138.5052599
 -0.92000   0.651    0.5836362       139.2924764
 -0.91750   0.651    0.4895436       140.3219722
 -0.91500   0.651    0.3082417       141.9103617
 -0.91250   0.651    0.0011247       137.8932165
 -0.91000   0.651    0.0005608       134.0594615
 -0.90750   0.651    0.0003828       131.3740958
 -0.90500   0.651    0.0002903       129.1723061
 -0.90250   0.651    0.0002325       127.2521072
 -0.90000   0.651    0.0001927       125.5205155
 -0.89750   0.651    0.0001635       123.9260232
 -0.89500   0.651    0.0001411       122.4368346
 -0.89250   0.651    0.0001234       121.0318645
 -0.89000   0.651    0.0001090       119.6963979
 -0.88750   0.651    0.0000972       118.4197633
 -0.88500   0.651    0.0000873       117.1939860
 -0.88250   0.651    0.0000788       116.0129585
 -0.88000   0.651    0.0000716       114.8719063
 -0.87750   0.651    0.0000653       113.7670305
 -0.87500   0.651    0.0000598       112.6952600
 -0.87250   0.651    0.0000549       111.6540757
 -0.87000   0.651    0.0000507       110.6413844
 -0.86750   0.651    0.0000468       109.6554238
 -0.86500   0.651    0.0000434       108.6946923
 -0.86250   0.651    0.0000404       107.7578957
 -0.86000   0.651    0.0000376       106.8439060
 -0.85750   0.651    0.0000351       105.9517293
 -0.85500   0.651    0.0000328       105.0804813
 -0.85250   0.651    0.0000307       104.2293677
 -0.85000   0.651    0.0000288       103.3976669
 -0.84750   0.651    0.0000271       102.5847213
 -0.84500   0.651    0.0000255       101.7899242
 -0.84250   0.651    0.0000240       101.0127132
 -0.84000   0.651    0.0000226       100.2525641
 -0.83750   0.651    0.0000214        99.5089854
 -0.83500   0.651    0.0000202        98.7815141
 -0.83250   0.651    0.0000191        98.0697130
 -0.83000   0.651    0.0000181        97.3731674
 -0.82750   0.651    0.0000172        96.6914833
 -0.82500   0.651    0.0000163        96.0242825
 -0.82250   0.651    0.0000155        95.3712161
 -0.82000   0.651    0.0000147        94.7319334
 -0.81750   0.651    0.0000140        94.1061109
 -0.81500   0.651    0.0000133        93.4934356
 -0.81250   0.651    0.0000127        92.8936230
 -0.81000   0.651    0.0000121        92.3063499
 -0.80750   0.651    0.0000116        91.7313795
 -0.80500   0.651    0.0000110        91.1684389
 -0.80250   0.651    0.0000105        90.6172789
 -0.80000   0.651    0.0000101        90.0776611
 -0.79750   0.651    0.0000096        89.5493585
 -0.79500   0.651    0.0000092        89.0321541
 -0.79250   0.651    0.0000088        88.5258413
 -0.79000   0.651    0.0000085        88.0302234
 -0.78750   0.651    0.0000081        87.5451130
 -0.78500   0.651    0.0000078        87.0703321
 -0.78250   0.651    0.0000075        86.6057115
 -0.78000   0.651    0.0000072        86.1510903
 -0.77750   0.651    0.0000069        85.7063162
 -0.77500   0.651    0.0000066        85.2712444
 -0.77250   0.651    0.0000064        84.8457379
 -0.77000   0.651    0.0000061        84.4296669
 -0.76750   0.651    0.0000059        84.0229082
 -0.76500   0.651    0.0000057        83.6253456
 -0.76250   0.651    0.0000055        83.2368686
 -0.76000   0.651    0.0000053        82.8573728
 -0.75750   0.651    0.0000051        82.4867594
 -0.75500   0.651    0.0000049        82.1249348
 -0.75250   0.651    0.0000047        81.7718099
 -0.75000   0.651    0.0000045        81.4273006
 -0.74750   0.651    0.0000044        81.0913267
 -0.74500   0.651    0.0000042        80.7638119
 -0.74250   0.651    0.0000041        80.4446836
 -0.74000   0.651    0.0000039        80.1338722
 -0.73750   0.651    0.0000038        79.8313111
 -0.73500   0.651    0.0000037        79.5369365
 -0.73250   0.651    0.0000036        79.2506866
 -0.73000   0.651    0.0000034        78.9725019
 -0.72750   0.651    0.0000033        78.7023244
 -0.72500   0.651    0.0000032        78.4400977
 -0.72250   0.651    0.0000031        78.1857665
 -0.72000   0.651    0.0000030        77.9392764
 -0.71750   0.651    0.0000029        77.7005737
 -0.71500   0.651    0.0000028        77.4696051
 -0.71250   0.651    0.0000027        77.2463173
 -0.71000   0.651    0.0000027        77.0306573
 -0.70750   0.651    0.0000026        76.8225713
 -0.70500   0.651    0.0000025        76.6220054
 -0.70250   0.651    0.0000024        76.4289047
 -0.70000   0.651    0.0000023        76.2432134
 -0.69750   0.651    0.0000023        76.0648747
 -0.69500   0.651    0.0000022        75.8938303
 -0.69250   0.651    0.0000021        75.7300206
 -0.69000   0.651    0.0000021        75.5733842
 -0.68750   0.651    0.0000020        75.4238579
 -0.68500   0.651    0.0000020        75.2813766
 -0.68250   0.651    0.0000019        75.1458728
 -0.68000   0.651    0.0000019        75.0172770
 -0.67750   0.651    0.0000018        74.8955173
 -0.67500   0.651    0.0000017        74.7805192
 -0.67250   0.651    0.0000017        74.6722054
 -0.67000   0.651    0.0000017        74.5704960
 -0.66750   0.651    0.0000016        74.4753084
 -0.66500   0.651    0.0000016        74.3865565
 -0.66250   0.651    0.0000015        74.3041522
 -0.66000   0.651    0.0000015        74.2280029
 -0.65750   0.651    0.0000014        74.1580136
 -0.65500   0.651    0.0000014        74.0940861
 -0.65250   0.651    0.0000014        74.0361184
 -0.65000   0.651    0.0000013        73.9840053
 -0.64750   0.651    0.0000013        73.9376380
 -0.64500   0.651    0.0000013        73.8969044
 -0.64250   0.651    0.0000012        73.8616885
 -0.64000   0.651    0.0000012        73.8318708
 -0.63750   0.651    0.0000012        73.8073281
 -0.63500   0.651    0.0000011        73.7879335
 -0.63250   0.651    0.0000011        73.7735563
 -0.63000   0.651    0.0000011        73.7640620
 -0.62750   0.651    0.0000011        73.7593122
 -0.62500   0.651    0.0000010        73.7591647
 -0.62250   0.651    0.0000010        73.7634734
 -0.62000   0.651    0.0000010        73.7720884
 -0.61750   0.651    0.0000010        73.7848557
 -0.61500   0.651    0.0000009        73.8016178
 -0.61250   0.651    0.0000009        73.8222115
 -0.61000   0.651    0.0000009        73.8464722
 -0.60750   0.651    0.0000009        73.8742295
 -0.60500   0.651    0.0000008        73.9053094
 -0.60250   0.651    0.0000008        73.9395338
 -0.60000   0.651    0.0000008        73.9767207
 -0.59750   0.651    0.0000008        74.0166836
 -0.59500   0.651    0.0000008        74.0592321
 -0.59250   0.651    0.0000007        74.1041717
 -0.59000   0.651    0.0000007        74.1513036
 -0.58750   0.651    0.0000007        74.2004245
 -0.58500   0.651    0.0000007        74.2513273
 -0.58250   0.651    0.0000007        74.3037569
 -0.58000   0.651    0.0000007        74.3576275
 -0.57750   0.651    0.0000006        74.4125884
 -0.57500   0.651    0.0000006        74.4684583
 -0.57250   0.651    0.0000006        74.5250078
 -0.57000   0.651    0.0000006        74.5820029
 -0.56750   0.651    0.0000006        74.6392051
 -0.56500   0.651    0.0000006        74.6963711
 -0.56250   0.651    0.0000006        74.7532526
 -0.56000   0.651    0.0000006        74.8095968
 -0.55750   0.651    0.0000005        74.8651457
 -0.55500   0.651    0.0000005        74.9196360
 -0.55250   0.651    0.0000005        74.9727994
 -0.55000   0.651    0.0000005        75.0243622
 -0.54750   0.651    0.0000005        75.0740450
 -0.54500   0.651    0.0000005        75.1215629
 -0.54250   0.651    0.0000005        75.1666250
 -0.54000   0.651    0.0000005        75.2089344
 -0.53750   0.651    0.0000005        75.2481878
 -0.53500   0.651    0.0000004        75.2840754
 -0.53250   0.651    0.0000004        75.3162807
 -0.53000   0.651    0.0000004        75.3444799
 -0.52750   0.651    0.0000004        75.3683420
 -0.52500   0.651    0.0000004        75.3875283
 -0.52250   0.651    0.0000004        75.4016916
 -0.52000   0.651    0.0000004        75.4104763
 -0.51750   0.651    0.0000004        75.4135184
 -0.51500   0.651    0.0000004        75.4104433
 -0.51250   0.651    0.0000004        75.4008670
 -0.51000   0.651    0.0000004        75.3843948
 -0.50750   0.651    0.0000003        75.3606203
 -0.50500   0.651    0.0000003        75.3291253
 -0.50250   0.651    0.0000003        75.2894784
 -0.50000   0.651    0.0000003        75.2412344
 -0.49750   0.651    0.0000003        75.1839333
 -0.49500   0.651    0.0000003        75.1170988
 -0.49250   0.651    0.0000003        75.0402375
 -0.49000   0.651    0.0000003        74.9528372
 -0.48750   0.651    0.0000003        74.8543651
 -0.48500   0.651    0.0000003        74.7442666
 -0.48250   0.651    0.0000003        74.6219627
 -0.48000   0.651    0.0000003        74.4868478
 -0.47750   0.651    0.0000003        74.3382877
 -0.47500   0.651    0.0000003        74.1756156
 -0.47250   0.651    0.0000003        73.9981296
 -0.47000   0.651    0.0000002        73.8050885
 -0.46750   0.651    0.0000002        73.5957071
 -0.46500   0.651    0.0000002        73.3691513
 -0.46250   0.651    0.0000002        73.1245322
 -0.46000   0.651    0.0000002        72.8608986
 -0.45750   0.651    0.0000002        72.5772291
 -0.45500   0.651    0.0000002        72.2724220
 -0.45250   0.651    0.0000002        71.9452837
 -0.45000   0.651    0.0000002        71.5945147
 -0.44750   0.651    0.0000002        71.2186923
 -0.44500   0.651    0.0000002        70.8162502
 -0.44250   0.651    0.0000002        70.3854525
 -0.44000   0.651    0.0000002        69.9243618
 -0.43750   0.651    0.0000002        69.4307989
 -0.43500   0.651    0.0000002        68.9022918
 -0.43250   0.651    0.0000002        68.3360079
 -0.43000   0.651    0.0000002        67.7286676
 -0.42750   0.651    0.0000002        67.0764255
 -0.42500   0.651    0.0000001        66.3747092
 -0.42250   0.651    0.0000001        65.6179931
 -0.42000   0.651    0.0000001        64.7994701
 -0.41750   0.651    0.0000001        63.9105632
 -0.41500   0.651    0.0000001        62.9401628
 -0.41250   0.651    0.0000001        61.8733804
 -0.41000   0.651    0.0000001        60.6893728
 -0.40750   0.651    0.0000001        59.3572200
 -0.40500   0.651    0.0000001        57.8271681
 -0.40250   0.651    0.0000001        56.0086080
 -0.40000   0.651    0.0000001        53.6965090
 -0.39750   0.651    0.0000001        50.0886594
 -0.39500   0.651    0.0000001        46.2996864
 -0.39250   0.651    0.0000001        46.2552180
 -0.39000   0.651    0.0000001        46.2043994
 -0.38750   0.651    0.0000000        46.1439966
 -0.38500   0.651    0.0000000        46.0731116
 -0.38250   0.651    0.0000000        45.9911912
 -0.38000   0.651    0.0000000        45.8977736
 -0.37750   0.651    0.0000000        45.7924241
 -0.37500   0.651    0.0000000        45.6747140
 -0.37250   0.651    0.0000000        45.5442075
 -0.37000   0.651    0.0000000        45.4004594
 -0.36750   0.651    0.0000000        45.2430100
 -0.36500   0.651    0.0000000        45.0713826
 -0.36250   0.651    0.0000000        44.8850816
 -0.36000   0.651    0.0000000        44.6835895
 -0.35750   0.651    0.0000000        44.4663654
 -0.35500   0.651    0.0000000        44.2328418
 -0.35250   0.651    0.0000000        43.9824222
 -0.35000   0.651    0.0000000        43.7144784
 -0.34750   0.651    0.0000000        43.4283466
 -0.34500   0.651    0.0000000        43.1233240
 -0.34250   0.651    0.0000000        42.7986648
 -0.34000   0.651    0.0000000        42.4535748
 -0.33750   0.651    0.0000000        42.0872065
 -0.33500   0.651    0.0000000        41.6986524
 -0.33250   0.651    0.0000000        41.2869379
 -0.33000   0.651    0.0000000        40.8510129
 -0.32750   0.651    0.0000000        40.3897416
 -0.32500   0.651    0.0000000        39.9018914
 -0.32250   0.651    0.0000000        39.3861191
 -0.32000   0.651    0.0000000        38.8409545
 -0.31750   0.651    0.0000000        38.2647813
 -0.31500   0.651    0.0000000        37.6558134
 -0.31250   0.651    0.0000000        37.0120665
 -0.31000   0.651    0.0000000        36.3313236
 -0.30750   0.651    0.0000000        35.6110909
 -0.30500   0.651    0.0000000        34.8485438
 -0.30250   0.651    0.0000000        34.0404608
 -0.30000   0.651    0.0000000        33.1831282
 -0.29750   0.651    0.0000000        32.2722315
 -0.29500   0.651    0.0000000        31.3026978
 -0.29250   0.651    0.0000000        30.2684887
 -0.29000   0.651    0.0000000        29.1623106
 -0.28750   0.651    0.0000000        27.9752032
 -0.28500   0.651    0.0000000        26.6959352
 -0.28250   0.651    0.0000000        25.3100826
 -0.28000   0.651    0.0000000        23.7985581
 -0.27750   0.651    0.0000000        22.1351299
 -0.27500   0.651    0.0000000        20.2819172
 -0.27250   0.651    0.0000000        18.1803787
 -0.27000   0.651    0.0000000        15.7306106
 -0.26750   0.651    0.0000000        12.7322870
 -0.26500   0.651    0.0000000         8.6299294
 -0.26250   0.651    0.0000000         0.0537429
 -0.26000   0.651    0.0000000         0.0255038
 -0.25750   0.651    0.0000000         0.0209449
 -0.25500   0.651    0.0000000         0.0187988
 -0.25250   0.651    0.0000000         0.0174971
 -0.25000   0.651    0.0000000         0.0166045
 -0.24750   0.651    0.0000000         0.0159460
 -0.24500   0.651    0.0000000         0.0154359
 -0.24250   0.651    0.0000000         0.0150266
 -0.24000   0.651    0.0000000         0.0146895
 -0.23750   0.651    0.0000000         0.0144060
 -0.23500   0.651    0.0000000         0.0141637
 -0.23250   0.651    0.0000000         0.0139538
 -0.23000   0.651    0.0000000         0.0137699
 -0.22750   0.651    0.0000000         0.0136072
 -0.22500   0.651    0.0000000         0.0134621
 -0.22250   0.651    0.0000000         0.0133318
 -0.22000   0.651    0.0000000         0.0132140
 -0.21750   0.651    0.0000000         0.0131070
 -0.21500   0.651    0.0000000         0.0130093
 -0.21250   0.651    0.0000000         0.0129197
 -0.21000   0.651    0.0000000         0.0128372
 -0.20750   0.651    0.0000000         0.0127611
 -0.20500   0.651    0.0000000         0.0126905
 -0.20250   0.651    0.0000000         0.0126250
 -0.20000   0.651    0.0000000         0.0125639
 -0.19750   0.651    0.0000000         0.0125069
 -0.19500   0.651    0.0000000         0.0124535
 -0.19250   0.651    0.0000000         0.0124035
 -0.19000   0.651    0.0000000         0.0123565
 -0.18750   0.651    0.0000000         0.0123124
 -0.18500   0.651    0.0000000         0.0122707
 -0.18250   0.651    0.0000000         0.0122315
 -0.18000   0.651    0.0000000         0.0121944
 -0.17750   0.651    0.0000000         0.0121593
 -0.17500   0.651    0.0000000         0.0121261
 -0.17250   0.651    0.0000000         0.0120946
 -0.17000   0.651    0.0000000         0.0120648
 -0.16750   0.651    0.0000000         0.0120365
 -0.16500   0.651    0.0000000         0.0120096
 -0.16250   0.651    0.0000000         0.0119840
 -0.16000   0.651    0.0000000         0.0119597
 -0.15750   0.651    0.0000000         0.0119366
 -0.15500   0.651    0.0000000         0.0119146
 -0.15250   0.651    0.0000000         0.0118936
 -0.15000   0.651    0.0000000         0.0118736
 -0.14750   0.651    0.0000000         0.0118546
 -0.14500   0.651    0.0000000         0.0118365
 -0.14250   0.651    0.0000000         0.0118193
 -0.14000   0.651    0.0000000         0.0118028
 -0.13750   0.651    0.0000000         0.0117872
 -0.13500   0.651    0.0000000         0.0117722
 -0.13250   0.651    0.0000000         0.0117580
 -0.13000   0.651    0.0000000         0.0117445
 -0.12750   0.651    0.0000000         0.0117316
 -0.12500   0.651    0.0000000         0.0117193
 -0.12250   0.651    0.0000000         0.0117077
 -0.12000   0.651    0.0000000         0.0116966
 -0.11750   0.651    0.0000000         0.0116860
 -0.11500   0.651    0.0000000         0.0116760
 -0.11250   0.651    0.0000000         0.0116666
 -0.11000   0.651    0.0000000         0.0116576
 -0.10750   0.651    0.0000000         0.0116491
 -0.10500   0.651    0.0000000         0.0116411
 -0.10250   0.651    0.0000000         0.0116335
 -0.10000   0.651    0.0000000         0.0116264
 -0.09750   0.651    0.0000000         0.0116197
 -0.09500   0.651    0.0000000         0.0116134
 -0.09250   0.651    0.0000000         0.0116075
 -0.09000   0.651    0.0000000         0.0116020
 -0.08750   0.651    0.0000000         0.0115969
 -0.08500   0.651    0.0000000         0.0115922
 -0.08250   0.651    0.0000000         0.0115878
 -0.08000   0.651    0.0000000         0.0115838
 -0.07750   0.651    0.0000000         0.0115802
 -0.07500   0.651    0.0000000         0.0115769
 -0.07250   0.651    0.0000000         0.0115739
 -0.07000   0.651    0.0000000         0.0115713
 -0.06750   0.651    0.0000000         0.0115690
 -0.06500   0.651    0.0000000         0.0115671
 -0.06250   0.651    0.0000000         0.0115654
 -0.06000   0.651    0.0000000         0.0115641
 -0.05750   0.651    0.0000000         0.0115631
 -0.05500   0.651    0.0000000         0.0115623
 -0.05250   0.651    0.0000000         0.0115619
 -0.05000   0.651    0.0000000         0.0115618
 -0.04750   0.651    0.0000000         0.0115620
 -0.04500   0.651    0.0000000         0.0115625
 -0.04250   0.651    0.0000000         0.0115633
 -0.04000   0.651    0.0000000         0.0115643
 -0.03750   0.651    0.0000000         0.0115657
 -0.03500   0.651    0.0000000         0.0115673
 -0.03250   0.651    0.0000000         0.0115693
 -0.03000   0.651    0.0000000         0.0115715
 -0.02750   0.651    0.0000000         0.0115740
 -0.02500   0.651    0.0000000         0.0115768
 -0.02250   0.651    0.0000000         0.0115799
 -0.02000   0.651    0.0000000         0.0115833
 -0.01750   0.651    0.0000000         0.0115870
 -0.01500   0.651    0.0000000         0.0115909
 -0.01250   0.651    0.0000000         0.0115952
 -0.01000   0.651    0.0000000         0.0115997
 -0.00750   0.651    0.0000000         0.0116046
 -0.00500   0.651    0.0000000         0.0116097
 -0.00250   0.651    0.0000000         0.0116152
  0.00000   0.651    0.0000000         0.0116209
