 -2.00000  0.65     2.5126168       185.8503792
 -1.99750  0.65     2.5074946       363.4755200
 -1.99500  0.65     2.4896685       366.4181507
 -1.99250  0.65     2.4720293       369.2192288
 -1.99000  0.65     2.4546798       371.8513564
 -1.98750  0.65     2.4377192       374.2881670
 -1.98500  0.65     2.4212388       376.5052200
 -1.98250  0.65     2.4053179       378.4809071
 -1.98000  0.65     2.3900196       380.1972722
 -1.97750  0.65     2.3753866       381.6407252
 -1.97500  0.65     2.3614366       382.8025608
 -1.97250  0.65     2.3481590       383.6792507
 -1.97000  0.65     2.3355108       384.2724780
 -1.96750  0.65     2.3234133       384.5888690
 -1.96500  0.65     2.3117482       384.6394458
 -1.96250  0.65     2.3003531       384.4387787
 -1.96000  0.65     2.2890150       384.0038523
 -1.95750  0.65     2.2774608       383.3526316
 -1.95500  0.65     2.2653424       382.5022857
 -1.95250  0.65     2.2522108       381.4669724
 -1.95000  0.65     2.2374746       380.2561213
 -1.94750  0.65     2.2202979       378.8593001
 -1.94500  0.65     2.1994911       377.2645336
 -1.94250  0.65     2.1730943       375.4093904
 -1.94000  0.65     2.1374918       373.1589060
 -1.93750  0.65     2.0841340       370.1522217
 -1.93500  0.65     1.9741918       364.6463991
 -1.93250  0.65     1.8759749       350.3981773
 -1.93000  0.65     1.8831059       347.0490994
 -1.92750  0.65     1.8881146       345.2942789
 -1.92500  0.65     1.8920455       344.3036876
 -1.92250  0.65     1.8952867       343.7815264
 -1.92000  0.65     1.8980371       343.5766625
 -1.91750  0.65     1.9004158       343.5963760
 -1.91500  0.65     1.9025021       343.7766640
 -1.91250  0.65     1.9043524       344.0694609
 -1.91000  0.65     1.9060089       344.4363309
 -1.90750  0.65     1.9075048       344.8450685
 -1.90500  0.65     1.9088674       345.2677649
 -1.90250  0.65     1.9101195       345.6796843
 -1.90000  0.65     1.9112813       346.0587066
 -1.89750  0.65     1.9123688       346.3845484
 -1.89500  0.65     1.9133994       346.6394757
 -1.89250  0.65     1.9143869       346.8074016
 -1.89000  0.65     1.9153444       346.8743503
 -1.88750  0.65     1.9162842       346.8284253
 -1.88500  0.65     1.9172170       346.6598497
 -1.88250  0.65     1.9181526       346.3609581
 -1.88000  0.65     1.9190997       345.9261132
 -1.87750  0.65     1.9200653       345.3515175
 -1.87500  0.65     1.9210553       344.6349042
 -1.87250  0.65     1.9220738       343.7750862
 -1.87000  0.65     1.9231236       342.7713519
 -1.86750  0.65     1.9242057       341.6226892
 -1.86500  0.65     1.9253195       340.3267944
 -1.86250  0.65     1.9264629       338.8788052
 -1.86000  0.65     1.9276325       337.2695879
 -1.85750  0.65     1.9288231       335.4832404
 -1.85500  0.65     1.9300284       333.4930468
 -1.85250  0.65     1.9312401       331.2540190
 -1.85000  0.65     1.9324475       328.6868451
 -1.84750  0.65     1.9336349       325.6354240
 -1.84500  0.65     1.9347712       321.7134101
 -1.84250  0.65     1.9356808       314.3928374
 -1.84000  0.65     1.9367861       311.3172312
 -1.83750  0.65     1.9381024       310.6962402
 -1.83500  0.65     1.9394135       310.0804470
 -1.83250  0.65     1.9407052       309.4564554
 -1.83000  0.65     1.9419696       308.8200967
 -1.82750  0.65     1.9432007       308.1705837
 -1.82500  0.65     1.9443932       307.5095793
 -1.82250  0.65     1.9455426       306.8412315
 -1.82000  0.65     1.9466450       306.1725210
 -1.81750  0.65     1.9476962       305.5137494
 -1.81500  0.65     1.9486926       304.8791263
 -1.81250  0.65     1.9496302       304.2874391
 -1.81000  0.65     1.9505048       303.7628164
 -1.80750  0.65     1.9513120       303.3355598
 -1.80500  0.65     1.9520465       303.0433373
 -1.80250  0.65     1.9527022       302.9319760
 -1.80000  0.65     1.9532720       303.0571493
 -1.79750  0.65     1.9537469       303.4858552
 -1.79500  0.65     1.9541165       304.2974019
 -1.79250  0.65     1.9543653       305.5954822
 -1.79000  0.65     1.9544796       307.4825827
 -1.78750  0.65     1.9544360       310.1029772
 -1.78500  0.65     1.9542072       313.6195476
 -1.78250  0.65     1.9537579       318.2286419
 -1.78000  0.65     1.9530415       324.1668609
 -1.77750  0.65     1.9519968       331.7207784
 -1.77500  0.65     1.9505416       341.2406076
 -1.77250  0.65     1.9485643       353.1583529
 -1.77000  0.65     1.9459106       368.0140591
 -1.76750  0.65     1.9423628       386.4937528
 -1.76500  0.65     1.9376079       409.4865330
 -1.76250  0.65     1.9311837       438.1733514
 -1.76000  0.65     1.9223893       474.1704872
 -1.75750  0.65     1.9101289       519.7710117
 -1.75500  0.65     1.8926219       578.3637677
 -1.75250  0.65     1.8668855       655.2060490
 -1.75000  0.65     1.8276976       758.8338356
 -1.74750  0.65     1.7656750       903.6335910
 -1.74500  0.65     1.6640860      1113.6065433
 -1.74250  0.65     1.4972705      1421.5821518
 -1.74000  0.65     1.2535348      1825.9272077
 -1.73750  0.65     1.0381525      2114.6075744
 -1.73500  0.65     1.0707445      1521.9831215
 -1.73250  0.65     1.2978995      1127.2586786
 -1.73000  0.65     1.5095931       793.3892536
 -1.72750  0.65     1.6519738       576.1904015
 -1.72500  0.65     1.7421933       441.6578025
 -1.72250  0.65     1.8004358       356.3838447
 -1.72000  0.65     1.8394887       300.1059710
 -1.71750  0.65     1.8667257       261.4148552
 -1.71500  0.65     1.8864135       233.8175280
 -1.71250  0.65     1.9010961       213.4939079
 -1.71000  0.65     1.9123450       198.1099905
 -1.70750  0.65     1.9211662       186.1868415
 -1.70500  0.65     1.9282242       176.7556021
 -1.70250  0.65     1.9339715       169.1623303
 -1.70000  0.65     1.9387239       162.9537503
 -1.69750  0.65     1.9427070       157.8081566
 -1.69500  0.65     1.9460857       153.4923572
 -1.69250  0.65     1.9489824       149.8341019
 -1.69000  0.65     1.9514896       146.7039814
 -1.68750  0.65     1.9536783       144.0032757
 -1.68500  0.65     1.9556037       141.6556268
 -1.68250  0.65     1.9573093       139.6012251
 -1.68000  0.65     1.9588298       137.7926817
 -1.67750  0.65     1.9601929       136.1920516
 -1.67500  0.65     1.9614214       134.7686559
 -1.67250  0.65     1.9625338       133.4974674
 -1.67000  0.65     1.9635454       132.3578998
 -1.66750  0.65     1.9644690       131.3328889
 -1.66500  0.65     1.9653153       130.4081880
 -1.66250  0.65     1.9660934       129.5718229
 -1.66000  0.65     1.9668109       128.8136656
 -1.65750  0.65     1.9674744       128.1250994
 -1.65500  0.65     1.9680896       127.4987520
 -1.65250  0.65     1.9686612       126.9282822
 -1.65000  0.65     1.9691936       126.4082098
 -1.64750  0.65     1.9696903       125.9337746
 -1.64500  0.65     1.9701547       125.5008238
 -1.64250  0.65     1.9705895       125.1057191
 -1.64000  0.65     1.9709972       124.7452595
 -1.63750  0.65     1.9713801       124.4166177
 -1.63500  0.65     1.9717400       124.1172869
 -1.63250  0.65     1.9720789       123.8450365
 -1.63000  0.65     1.9723981       123.5978746
 -1.62750  0.65     1.9726992       123.3740165
 -1.62500  0.65     1.9729833       123.1718575
 -1.62250  0.65     1.9732517       122.9899507
 -1.62000  0.65     1.9735053       122.8269869
 -1.61750  0.65     1.9737451       122.6817782
 -1.61500  0.65     1.9739720       122.5532436
 -1.61250  0.65     1.9741866       122.4403963
 -1.61000  0.65     1.9743898       122.3423332
 -1.60750  0.65     1.9745821       122.2582254
 -1.60500  0.65     1.9747642       122.1873099
 -1.60250  0.65     1.9749365       122.1288829
 -1.60000  0.65     1.9750997       122.0822932
 -1.59750  0.65     1.9752541       122.0469365
 -1.59500  0.65     1.9754001       122.0222514
 -1.59250  0.65     1.9755383       122.0077142
 -1.59000  0.65     1.9756688       122.0028356
 -1.58750  0.65     1.9757921       122.0071578
 -1.58500  0.65     1.9759085       122.0202521
 -1.58250  0.65     1.9760183       122.0417318
 -1.58000  0.65     1.9761217       122.0711414
 -1.57750  0.65     1.9762189       122.1082034
 -1.57500  0.65     1.9763103       122.1525427
 -1.57250  0.65     1.9763961       122.2038363
 -1.57000  0.65     1.9764763       122.2617745
 -1.56750  0.65     1.9765513       122.3260630
 -1.56500  0.65     1.9766212       122.3964179
 -1.56250  0.65     1.9766862       122.4725709
 -1.56000  0.65     1.9767464       122.5542622
 -1.55750  0.65     1.9768019       122.6412425
 -1.55500  0.65     1.9768530       122.7332718
 -1.55250  0.65     1.9768997       122.8301182
 -1.55000  0.65     1.9769422       122.9315578
 -1.54750  0.65     1.9769805       123.0373728
 -1.54500  0.65     1.9770149       123.1473531
 -1.54250  0.65     1.9770453       123.2612936
 -1.54000  0.65     1.9770718       123.3789948
 -1.53750  0.65     1.9770947       123.5002624
 -1.53500  0.65     1.9771140       123.6249096
 -1.53250  0.65     1.9771290       123.7527295
 -1.53000  0.65     1.9771412       123.8835716
 -1.52750  0.65     1.9771498       124.0172392
 -1.52500  0.65     1.9771550       124.1535583
 -1.52250  0.65     1.9771568       124.2923560
 -1.52000  0.65     1.9771553       124.4334615
 -1.51750  0.65     1.9771506       124.5767062
 -1.51500  0.65     1.9771427       124.7219234
 -1.51250  0.65     1.9771317       124.8689485
 -1.51000  0.65     1.9771175       125.0176179
 -1.50750  0.65     1.9771002       125.1677696
 -1.50500  0.65     1.9770799       125.3192428
 -1.50250  0.65     1.9770566       125.4718774
 -1.50000  0.65     1.9770302       125.6255142
 -1.49750  0.65     1.9770009       125.7799946
 -1.49500  0.65     1.9769686       125.9351602
 -1.49250  0.65     1.9769334       126.0908532
 -1.49000  0.65     1.9768952       126.2469156
 -1.48750  0.65     1.9768541       126.4031893
 -1.48500  0.65     1.9768100       126.5595163
 -1.48250  0.65     1.9767631       126.7157381
 -1.48000  0.65     1.9767132       126.8716954
 -1.47750  0.65     1.9766604       127.0272286
 -1.47500  0.65     1.9766047       127.1821773
 -1.47250  0.65     1.9765460       127.3363797
 -1.47000  0.65     1.9764844       127.4896737
 -1.46750  0.65     1.9764198       127.6418951
 -1.46500  0.65     1.9763523       127.7928785
 -1.46250  0.65     1.9762817       127.9424577
 -1.46000  0.65     1.9762082       128.0904638
 -1.45750  0.65     1.9761315       128.2367263
 -1.45500  0.65     1.9760519       128.3810728
 -1.45250  0.65     1.9759691       128.5233287
 -1.45000  0.65     1.9758831       128.6633168
 -1.44750  0.65     1.9757940       128.8008573
 -1.44500  0.65     1.9757017       128.9357677
 -1.44250  0.65     1.9756060       129.0678625
 -1.44000  0.65     1.9755071       129.1969527
 -1.43750  0.65     1.9754048       129.3228462
 -1.43500  0.65     1.9752991       129.4453467
 -1.43250  0.65     1.9751899       129.5642544
 -1.43000  0.65     1.9750772       129.6793647
 -1.42750  0.65     1.9749608       129.7904689
 -1.42500  0.65     1.9748408       129.8973530
 -1.42250  0.65     1.9747170       129.9997980
 -1.42000  0.65     1.9745893       130.0975790
 -1.41750  0.65     1.9744578       130.1904654
 -1.41500  0.65     1.9743222       130.2782197
 -1.41250  0.65     1.9741825       130.3605978
 -1.41000  0.65     1.9740385       130.4373480
 -1.40750  0.65     1.9738903       130.5082105
 -1.40500  0.65     1.9737376       130.5729169
 -1.40250  0.65     1.9735804       130.6311896
 -1.40000  0.65     1.9734184       130.6827407
 -1.39750  0.65     1.9732517       130.7272716
 -1.39500  0.65     1.9730800       130.7644722
 -1.39250  0.65     1.9729033       130.7940192
 -1.39000  0.65     1.9727212       130.8155759
 -1.38750  0.65     1.9725338       130.8287906
 -1.38500  0.65     1.9723408       130.8332951
 -1.38250  0.65     1.9721420       130.8287036
 -1.38000  0.65     1.9719373       130.8146109
 -1.37750  0.65     1.9717264       130.7905902
 -1.37500  0.65     1.9715092       130.7561920
 -1.37250  0.65     1.9712854       130.7109406
 -1.37000  0.65     1.9710547       130.6543323
 -1.36750  0.65     1.9708171       130.5858318
 -1.36500  0.65     1.9705721       130.5048695
 -1.36250  0.65     1.9703196       130.4108369
 -1.36000  0.65     1.9700592       130.3030828
 -1.35750  0.65     1.9697906       130.1809075
 -1.35500  0.65     1.9695136       130.0435577
 -1.35250  0.65     1.9692277       129.8902185
 -1.35000  0.65     1.9689327       129.7200070
 -1.34750  0.65     1.9686282       129.5319607
 -1.34500  0.65     1.9683138       129.3250285
 -1.34250  0.65     1.9679890       129.0980559
 -1.34000  0.65     1.9676535       128.8497702
 -1.33750  0.65     1.9673067       128.5787608
 -1.33500  0.65     1.9669483       128.2834561
 -1.33250  0.65     1.9665777       127.9620957
 -1.33000  0.65     1.9661943       127.6126944
 -1.32750  0.65     1.9657976       127.2329989
 -1.32500  0.65     1.9653870       126.8204326
 -1.32250  0.65     1.9649618       126.3720241
 -1.32000  0.65     1.9645213       125.8843151
 -1.31750  0.65     1.9640649       125.3532390
 -1.31500  0.65     1.9635918       124.7739566
 -1.31250  0.65     1.9631010       124.1406315
 -1.31000  0.65     1.9625919       123.4461131
 -1.30750  0.65     1.9620634       122.6814773
 -1.30500  0.65     1.9615145       121.8353379
 -1.30250  0.65     1.9609442       120.8927697
 -1.30000  0.65     1.9603512       119.8335372
 -1.29750  0.65     1.9597343       118.6289830
 -1.29500  0.65     1.9590921       117.2360784
 -1.29250  0.65     1.9584229       115.5846135
 -1.29000  0.65     1.9577245       113.5442967
 -1.28750  0.65     1.9569940       110.8102621
 -1.28500  0.65     1.9562225       106.0303414
 -1.28250  0.65     1.9552916       102.2369489
 -1.28000  0.65     1.9544015       102.6487464
 -1.27750  0.65     1.9534898       103.0804541
 -1.27500  0.65     1.9525456       103.5295783
 -1.27250  0.65     1.9515636       103.9962950
 -1.27000  0.65     1.9505401       104.4813069
 -1.26750  0.65     1.9494717       104.9855367
 -1.26500  0.65     1.9483550       105.5100513
 -1.26250  0.65     1.9471866       106.0560419
 -1.26000  0.65     1.9459631       106.6248225
 -1.25750  0.65     1.9446807       107.2178363
 -1.25500  0.65     1.9433354       107.8366676
 -1.25250  0.65     1.9419232       108.4830573
 -1.25000  0.65     1.9404393       109.1589216
 -1.24750  0.65     1.9388790       109.8663753
 -1.24500  0.65     1.9372370       110.6077587
 -1.24250  0.65     1.9355074       111.3856704
 -1.24000  0.65     1.9336842       112.2030059
 -1.23750  0.65     1.9317605       113.0630047
 -1.23500  0.65     1.9297290       113.9693058
 -1.23250  0.65     1.9275816       114.9260166
 -1.23000  0.65     1.9253095       115.9377959
 -1.22750  0.65     1.9229031       117.0099565
 -1.22500  0.65     1.9203516       118.1485927
 -1.22250  0.65     1.9176434       119.3607387
 -1.22000  0.65     1.9147655       120.6545703
 -1.21750  0.65     1.9117033       122.0396593
 -1.21500  0.65     1.9084408       123.5273029
 -1.21250  0.65     1.9049599       125.1309505
 -1.21000  0.65     1.9012403       126.8667652
 -1.20750  0.65     1.8972588       128.7543711
 -1.20500  0.65     1.8929890       130.8178611
 -1.20250  0.65     1.8884007       133.0871755
 -1.20000  0.65     1.8834585       135.6000166
 -1.19750  0.65     1.8781209       138.4045547
 -1.19500  0.65     1.8723383       141.5633221
 -1.19250  0.65     1.8660506       145.1589332
 -1.19000  0.65     1.8591840       149.3027065
 -1.18750  0.65     1.8516433       154.1477818
 -1.18500  0.65     1.8433076       159.9103912
 -1.18250  0.65     1.8340126       166.9040130
 -1.18000  0.65     1.8235304       175.5980105
 -1.17750  0.65     1.8115294       186.7214392
 -1.17500  0.65     1.7975031       201.4568088
 -1.17250  0.65     1.7806308       221.8238036
 -1.17000  0.65     1.7594876       251.4951676
 -1.16750  0.65     1.7313867       297.6868189
 -1.16500  0.65     1.6907326       376.0124085
 -1.16250  0.65     1.6244078       524.5149507
 -1.16000  0.65     1.4978013       848.3102281
 -1.15750  0.65     1.2259932      1628.3156017
 -1.15500  0.65     0.9068116      2693.4241155
 -1.15250  0.65     1.2109377      1880.6825030
 -1.15000  0.65     1.4889419       975.0293470
 -1.14750  0.65     1.5854107       595.5940924
 -1.14500  0.65     1.6129738       429.6316636
 -1.14250  0.65     1.6139058       347.3614434
 -1.14000  0.65     1.6024932       302.5484572
 -1.13750  0.65     1.5842088       276.6558858
 -1.13500  0.65     1.5614242       261.2789012
 -1.13250  0.65     1.5352850       252.1955776
 -1.13000  0.65     1.5064120       247.0977155
 -1.12750  0.65     1.4751965       244.6276768
 -1.12500  0.65     1.4419411       243.9313592
 -1.12250  0.65     1.4069330       244.4348346
 -1.12000  0.65     1.3704867       245.7259282
 -1.11750  0.65     1.3329701       247.4886116
 -1.11500  0.65     1.2948185       249.4657786
 -1.11250  0.65     1.2565401       251.4385606
 -1.11000  0.65     1.2187105       253.2151475
 -1.10750  0.65     1.1819592       254.6269414
 -1.10500  0.65     1.1469450       255.5275987
 -1.10250  0.65     1.1143248       255.7964420
 -1.10000  0.65     1.0847146       255.3410990
 -1.09750  0.65     1.0586503       254.1016505
 -1.09500  0.65     1.0365514       252.0554361
 -1.09250  0.65     1.0186891       249.1976055
 -1.09000  0.65     1.0051743       245.5825886
 -1.08750  0.65     0.9959476       241.2736841
 -1.08500  0.65     0.9907917       236.3604793
 -1.08250  0.65     0.9893511       230.9465969
 -1.08000  0.65     0.9911605       225.1420941
 -1.07750  0.65     0.9956757       219.0563800
 -1.07500  0.65     1.0023041       212.7922121
 -1.07250  0.65     1.0104301       206.4410548
 -1.07000  0.65     1.0194340       200.0798132
 -1.06750  0.65     1.0287016       193.7686900
 -1.06500  0.65     1.0376231       187.5497216
 -1.06250  0.65     1.0455791       181.4452830
 -1.06000  0.65     1.0519068       175.4553920
 -1.05750  0.65     1.0558323       169.5514772
 -1.05500  0.65     1.0563249       163.6606566
 -1.05250  0.65     1.0517316       157.6206814
 -1.05000  0.65     1.0385061       151.0078997
 -1.04750  0.65     1.0001131       141.4948408
 -1.04500  0.65     0.9715465       137.0143465
 -1.04250  0.65     0.9707912       136.8144070
 -1.04000  0.65     0.9701239       136.5866761
 -1.03750  0.65     0.9694655       136.3670033
 -1.03500  0.65     0.9687910       136.1643746
 -1.03250  0.65     0.9680890       135.9808318
 -1.03000  0.65     0.9673522       135.8160107
 -1.02750  0.65     0.9665755       135.6686324
 -1.02500  0.65     0.9657548       135.5370921
 -1.02250  0.65     0.9648860       135.4197164
 -1.02000  0.65     0.9639655       135.3148823
 -1.01750  0.65     0.9629893       135.2210731
 -1.01500  0.65     0.9619531       135.1369037
 -1.01250  0.65     0.9608526       135.0611304
 -1.01000  0.65     0.9596828       134.9926534
 -1.00750  0.65     0.9584384       134.9305150
 -1.00500  0.65     0.9571136       134.8738960
 -1.00250  0.65     0.9557018       134.8221145
 -1.00000  0.65     0.9541959       134.7746114
 -0.99750  0.65     0.9525879       134.7309629
 -0.99500  0.65     0.9508689       134.6908621
 -0.99250  0.65     0.9490290       134.6541219
 -0.99000  0.65     0.9470571       134.6206713
 -0.98750  0.65     0.9449409       134.5905524
 -0.98500  0.65     0.9426665       134.5639185
 -0.98250  0.65     0.9402183       134.5410328
 -0.98000  0.65     0.9375786       134.5222672
 -0.97750  0.65     0.9347275       134.5081017
 -0.97500  0.65     0.9316425       134.4991240
 -0.97250  0.65     0.9282976       134.4960387
 -0.97000  0.65     0.9246635       134.4996525
 -0.96750  0.65     0.9207062       134.5108954
 -0.96500  0.65     0.9163867       134.5308171
 -0.96250  0.65     0.9116596       134.5605962
 -0.96000  0.65     0.9064719       134.6015497
 -0.95750  0.65     0.9007613       134.6551463
 -0.95500  0.65     0.8944544       134.7230237
 -0.95250  0.65     0.8874632       134.8070113
 -0.95000  0.65     0.8796820       134.9091608
 -0.94750  0.65     0.8709823       135.0317872
 -0.94500  0.65     0.8612061       135.1775232
 -0.94250  0.65     0.8501563       135.3493951
 -0.94000  0.65     0.8375835       135.5509287
 -0.93750  0.65     0.8231664       135.7862993
 -0.93500  0.65     0.8064818       136.0605546
 -0.93250  0.65     0.7869581       136.3799536
 -0.93000  0.65     0.7637976       136.7525076
 -0.92750  0.65     0.7358412       137.1888960
 -0.92500  0.65     0.7013118       137.7041354
 -0.92250  0.65     0.6572751       138.3209496
 -0.92000  0.65     0.5983231       139.0776629
 -0.91750  0.65     0.5124749       140.0516578
 -0.91500  0.65     0.3601745       141.4727637
 -0.91250  0.65     0.0014751       138.9972306
 -0.91000  0.65     0.0006199       134.6488850
 -0.90750  0.65     0.0004087       131.8122721
 -0.90500  0.65     0.0003051       129.5312923
 -0.90250  0.65     0.0002423       127.5607123
 -0.90000  0.65     0.0001996       125.7936306
 -0.89750  0.65     0.0001686       124.1725032
 -0.89500  0.65     0.0001451       122.6624352
 -0.89250  0.65     0.0001266       121.2405655
 -0.89000  0.65     0.0001116       119.8910789
 -0.88750  0.65     0.0000993       118.6025921
 -0.88500  0.65     0.0000891       117.3666043
 -0.88250  0.65     0.0000803       116.1766849
 -0.88000  0.65     0.0000729       115.0277909
 -0.87750  0.65     0.0000664       113.9159290
 -0.87500  0.65     0.0000608       112.8378794
 -0.87250  0.65     0.0000558       111.7910072
 -0.87000  0.65     0.0000514       110.7731272
 -0.86750  0.65     0.0000475       109.7824036
 -0.86500  0.65     0.0000440       108.8172753
 -0.86250  0.65     0.0000409       107.8763994
 -0.86000  0.65     0.0000381       106.9586076
 -0.85750  0.65     0.0000355       106.0628726
 -0.85500  0.65     0.0000332       105.1882819
 -0.85250  0.65     0.0000311       104.3340172
 -0.85000  0.65     0.0000291       103.4993379
 -0.84750  0.65     0.0000274       102.6835684
 -0.84500  0.65     0.0000257       101.8860877
 -0.84250  0.65     0.0000242       101.1063209
 -0.84000  0.65     0.0000229       100.3437139
 -0.83750  0.65     0.0000216        99.5978223
 -0.83500  0.65     0.0000204        98.8681186
 -0.83250  0.65     0.0000193        98.1541772
 -0.83000  0.65     0.0000183        97.4555772
 -0.82750  0.65     0.0000173        96.7719191
 -0.82500  0.65     0.0000164        96.1028229
 -0.82250  0.65     0.0000156        95.4479263
 -0.82000  0.65     0.0000148        94.8068841
 -0.81750  0.65     0.0000141        94.1793662
 -0.81500  0.65     0.0000134        93.5650517
 -0.81250  0.65     0.0000128        92.9636567
 -0.81000  0.65     0.0000122        92.3748764
 -0.80750  0.65     0.0000116        91.7984409
 -0.80500  0.65     0.0000111        91.2340874
 -0.80250  0.65     0.0000106        90.6815651
 -0.80000  0.65     0.0000102        90.1406340
 -0.79750  0.65     0.0000097        89.6110656
 -0.79500  0.65     0.0000093        89.0926418
 -0.79250  0.65     0.0000089        88.5851548
 -0.79000  0.65     0.0000085        88.0884067
 -0.78750  0.65     0.0000082        87.6022093
 -0.78500  0.65     0.0000078        87.1263836
 -0.78250  0.65     0.0000075        86.6607594
 -0.78000  0.65     0.0000072        86.2051754
 -0.77750  0.65     0.0000069        85.7594783
 -0.77500  0.65     0.0000067        85.3235228
 -0.77250  0.65     0.0000064        84.8971711
 -0.77000  0.65     0.0000062        84.4802926
 -0.76750  0.65     0.0000059        84.0727640
 -0.76500  0.65     0.0000057        83.6744679
 -0.76250  0.65     0.0000055        83.2852937
 -0.76000  0.65     0.0000053        82.9051364
 -0.75750  0.65     0.0000051        82.5338965
 -0.75500  0.65     0.0000049        82.1714798
 -0.75250  0.65     0.0000047        81.8177969
 -0.75000  0.65     0.0000046        81.4727631
 -0.74750  0.65     0.0000044        81.1362975
 -0.74500  0.65     0.0000042        80.8083235
 -0.74250  0.65     0.0000041        80.4887677
 -0.74000  0.65     0.0000040        80.1775602
 -0.73750  0.65     0.0000038        79.8746339
 -0.73500  0.65     0.0000037        79.5799241
 -0.73250  0.65     0.0000036        79.2933687
 -0.73000  0.65     0.0000035        79.0149075
 -0.72750  0.65     0.0000033        78.7444820
 -0.72500  0.65     0.0000032        78.4820351
 -0.72250  0.65     0.0000031        78.2275109
 -0.72000  0.65     0.0000030        77.9808544
 -0.71750  0.65     0.0000029        77.7420112
 -0.71500  0.65     0.0000028        77.5109275
 -0.71250  0.65     0.0000028        77.2875492
 -0.71000  0.65     0.0000027        77.0718224
 -0.70750  0.65     0.0000026        76.8636930
 -0.70500  0.65     0.0000025        76.6631061
 -0.70250  0.65     0.0000024        76.4700062
 -0.70000  0.65     0.0000024        76.2843367
 -0.69750  0.65     0.0000023        76.1060400
 -0.69500  0.65     0.0000022        75.9350571
 -0.69250  0.65     0.0000022        75.7713276
 -0.69000  0.65     0.0000021        75.6147892
 -0.68750  0.65     0.0000020        75.4653779
 -0.68500  0.65     0.0000020        75.3230278
 -0.68250  0.65     0.0000019        75.1876706
 -0.68000  0.65     0.0000019        75.0592359
 -0.67750  0.65     0.0000018        74.9376508
 -0.67500  0.65     0.0000018        74.8228400
 -0.67250  0.65     0.0000017        74.7147254
 -0.67000  0.65     0.0000017        74.6132262
 -0.66750  0.65     0.0000016        74.5182586
 -0.66500  0.65     0.0000016        74.4297364
 -0.66250  0.65     0.0000015        74.3475687
 -0.66000  0.65     0.0000015        74.2716638
 -0.65750  0.65     0.0000014        74.2019251
 -0.65500  0.65     0.0000014        74.1382533
 -0.65250  0.65     0.0000014        74.0805455
 -0.65000  0.65     0.0000013        74.0286955
 -0.64750  0.65     0.0000013        73.9825936
 -0.64500  0.65     0.0000013        73.9421264
 -0.64250  0.65     0.0000012        73.9071772
 -0.64000  0.65     0.0000012        73.8776254
 -0.63750  0.65     0.0000012        73.8533466
 -0.63500  0.65     0.0000011        73.8342130
 -0.63250  0.65     0.0000011        73.8200928
 -0.63000  0.65     0.0000011        73.8108504
 -0.62750  0.65     0.0000011        73.8063463
 -0.62500  0.65     0.0000010        73.8064375
 -0.62250  0.65     0.0000010        73.8109766
 -0.62000  0.65     0.0000010        73.8198125
 -0.61750  0.65     0.0000010        73.8327903
 -0.61500  0.65     0.0000009        73.8497509
 -0.61250  0.65     0.0000009        73.8705313
 -0.61000  0.65     0.0000009        73.8949645
 -0.60750  0.65     0.0000009        73.9228794
 -0.60500  0.65     0.0000008        73.9541009
 -0.60250  0.65     0.0000008        73.9884497
 -0.60000  0.65     0.0000008        74.0257426
 -0.59750  0.65     0.0000008        74.0657922
 -0.59500  0.65     0.0000008        74.1084067
 -0.59250  0.65     0.0000007        74.1533906
 -0.59000  0.65     0.0000007        74.2005436
 -0.58750  0.65     0.0000007        74.2496617
 -0.58500  0.65     0.0000007        74.3005362
 -0.58250  0.65     0.0000007        74.3529543
 -0.58000  0.65     0.0000007        74.4066988
 -0.57750  0.65     0.0000006        74.4615481
 -0.57500  0.65     0.0000006        74.5172760
 -0.57250  0.65     0.0000006        74.5736519
 -0.57000  0.65     0.0000006        74.6304407
 -0.56750  0.65     0.0000006        74.6874023
 -0.56500  0.65     0.0000006        74.7442922
 -0.56250  0.65     0.0000006        74.8008609
 -0.56000  0.65     0.0000006        74.8568541
 -0.55750  0.65     0.0000005        74.9120123
 -0.55500  0.65     0.0000005        74.9660710
 -0.55250  0.65     0.0000005        75.0187603
 -0.55000  0.65     0.0000005        75.0698050
 -0.54750  0.65     0.0000005        75.1189243
 -0.54500  0.65     0.0000005        75.1658316
 -0.54250  0.65     0.0000005        75.2102345
 -0.54000  0.65     0.0000005        75.2519300
 -0.53750  0.65     0.0000005        75.2903262
 -0.53500  0.65     0.0000004        75.3253986
 -0.53250  0.65     0.0000004        75.3567330
 -0.53000  0.65     0.0000004        75.3840040
 -0.52750  0.65     0.0000004        75.4068784
 -0.52500  0.65     0.0000004        75.4250155
 -0.52250  0.65     0.0000004        75.4380661
 -0.52000  0.65     0.0000004        75.4456726
 -0.51750  0.65     0.0000004        75.4474680
 -0.51500  0.65     0.0000004        75.4430759
 -0.51250  0.65     0.0000004        75.4321096
 -0.51000  0.65     0.0000004        75.4141715
 -0.50750  0.65     0.0000003        75.3888526
 -0.50500  0.65     0.0000003        75.3557316
 -0.50250  0.65     0.0000003        75.3143739
 -0.50000  0.65     0.0000003        75.2643310
 -0.49750  0.65     0.0000003        75.2051391
 -0.49500  0.65     0.0000003        75.1363955
 -0.49250  0.65     0.0000003        75.0573705
 -0.49000  0.65     0.0000003        74.9677795
 -0.48750  0.65     0.0000003        74.8670076
 -0.48500  0.65     0.0000003        74.7544949
 -0.48250  0.65     0.0000003        74.6296571
 -0.48000  0.65     0.0000003        74.4918812
 -0.47750  0.65     0.0000003        74.3405273
 -0.47500  0.65     0.0000003        74.1749210
 -0.47250  0.65     0.0000002        73.9943521
 -0.47000  0.65     0.0000002        73.7980703
 -0.46750  0.65     0.0000002        73.5852803
 -0.46500  0.65     0.0000002        73.3551369
 -0.46250  0.65     0.0000002        73.1067385
 -0.46000  0.65     0.0000002        72.8391197
 -0.45750  0.65     0.0000002        72.5512431
 -0.45500  0.65     0.0000002        72.2419885
 -0.45250  0.65     0.0000002        71.9101416
 -0.45000  0.65     0.0000002        71.5543785
 -0.44750  0.65     0.0000002        71.1732485
 -0.44500  0.65     0.0000002        70.7651524
 -0.44250  0.65     0.0000002        70.3283153
 -0.44000  0.65     0.0000002        69.8607535
 -0.43750  0.65     0.0000002        69.3602323
 -0.43500  0.65     0.0000002        68.8242118
 -0.43250  0.65     0.0000002        68.2497748
 -0.43000  0.65     0.0000002        67.6335376
 -0.42750  0.65     0.0000002        66.9715209
 -0.42500  0.65     0.0000001        66.2589792
 -0.42250  0.65     0.0000001        65.4901567
 -0.42000  0.65     0.0000001        64.6579334
 -0.41750  0.65     0.0000001        63.7532920
 -0.41500  0.65     0.0000001        62.7644802
 -0.41250  0.65     0.0000001        61.6756238
 -0.41000  0.65     0.0000001        60.4642714
 -0.40750  0.65     0.0000001        59.0966483
 -0.40500  0.65     0.0000001        57.5172846
 -0.40250  0.65     0.0000001        55.6217550
 -0.40000  0.65     0.0000001        53.1576090
 -0.39750  0.65     0.0000001        48.8130192
 -0.39500  0.65     0.0000001        46.3107617
 -0.39250  0.65     0.0000001        46.2658599
 -0.39000  0.65     0.0000001        46.2133634
 -0.38750  0.65     0.0000000        46.1510385
 -0.38500  0.65     0.0000000        46.0781016
 -0.38250  0.65     0.0000000        45.9940272
 -0.38000  0.65     0.0000000        45.8983615
 -0.37750  0.65     0.0000000        45.7906719
 -0.37500  0.65     0.0000000        45.6705281
 -0.37250  0.65     0.0000000        45.5374930
 -0.37000  0.65     0.0000000        45.3911180
 -0.36750  0.65     0.0000000        45.2309399
 -0.36500  0.65     0.0000000        45.0564781
 -0.36250  0.65     0.0000000        44.8672322
 -0.36000  0.65     0.0000000        44.6626800
 -0.35750  0.65     0.0000000        44.4422750
 -0.35500  0.65     0.0000000        44.2054436
 -0.35250  0.65     0.0000000        43.9515828
 -0.35000  0.65     0.0000000        43.6800570
 -0.34750  0.65     0.0000000        43.3901946
 -0.34500  0.65     0.0000000        43.0812838
 -0.34250  0.65     0.0000000        42.7525691
 -0.34000  0.65     0.0000000        42.4032456
 -0.33750  0.65     0.0000000        42.0324535
 -0.33500  0.65     0.0000000        41.6392720
 -0.33250  0.65     0.0000000        41.2227114
 -0.33000  0.65     0.0000000        40.7817044
 -0.32750  0.65     0.0000000        40.3150963
 -0.32500  0.65     0.0000000        39.8216326
 -0.32250  0.65     0.0000000        39.2999452
 -0.32000  0.65     0.0000000        38.7485352
 -0.31750  0.65     0.0000000        38.1657533
 -0.31500  0.65     0.0000000        37.5497751
 -0.31250  0.65     0.0000000        36.8985715
 -0.31000  0.65     0.0000000        36.2098724
 -0.30750  0.65     0.0000000        35.4811211
 -0.30500  0.65     0.0000000        34.7094177
 -0.30250  0.65     0.0000000        33.8914474
 -0.30000  0.65     0.0000000        33.0233851
 -0.29750  0.65     0.0000000        32.1007753
 -0.29500  0.65     0.0000000        31.1183677
 -0.29250  0.65     0.0000000        30.0698950
 -0.29000  0.65     0.0000000        28.9477636
 -0.28750  0.65     0.0000000        27.7426095
 -0.28500  0.65     0.0000000        26.4426428
 -0.28250  0.65     0.0000000        25.0326387
 -0.28000  0.65     0.0000000        23.4923124
 -0.27750  0.65     0.0000000        21.7935392
 -0.27500  0.65     0.0000000        19.8952229
 -0.27250  0.65     0.0000000        17.7327823
 -0.27000  0.65     0.0000000        15.1931352
 -0.26750  0.65     0.0000000        12.0389334
 -0.26500  0.65     0.0000000         7.5322711
 -0.26250  0.65     0.0000000         0.0390361
 -0.26000  0.65     0.0000000         0.0242032
 -0.25750  0.65     0.0000000         0.0204110
 -0.25500  0.65     0.0000000         0.0184949
 -0.25250  0.65     0.0000000         0.0172963
 -0.25000  0.65     0.0000000         0.0164600
 -0.24750  0.65     0.0000000         0.0158360
 -0.24500  0.65     0.0000000         0.0153488
 -0.24250  0.65     0.0000000         0.0149556
 -0.24000  0.65     0.0000000         0.0146303
 -0.23750  0.65     0.0000000         0.0143557
 -0.23500  0.65     0.0000000         0.0141204
 -0.23250  0.65     0.0000000         0.0139160
 -0.23000  0.65     0.0000000         0.0137365
 -0.22750  0.65     0.0000000         0.0135775
 -0.22500  0.65     0.0000000         0.0134355
 -0.22250  0.65     0.0000000         0.0133077
 -0.22000  0.65     0.0000000         0.0131922
 -0.21750  0.65     0.0000000         0.0130870
 -0.21500  0.65     0.0000000         0.0129910
 -0.21250  0.65     0.0000000         0.0129028
 -0.21000  0.65     0.0000000         0.0128216
 -0.20750  0.65     0.0000000         0.0127466
 -0.20500  0.65     0.0000000         0.0126770
 -0.20250  0.65     0.0000000         0.0126124
 -0.20000  0.65     0.0000000         0.0125521
 -0.19750  0.65     0.0000000         0.0124958
 -0.19500  0.65     0.0000000         0.0124431
 -0.19250  0.65     0.0000000         0.0123937
 -0.19000  0.65     0.0000000         0.0123472
 -0.18750  0.65     0.0000000         0.0123035
 -0.18500  0.65     0.0000000         0.0122623
 -0.18250  0.65     0.0000000         0.0122235
 -0.18000  0.65     0.0000000         0.0121868
 -0.17750  0.65     0.0000000         0.0121520
 -0.17500  0.65     0.0000000         0.0121192
 -0.17250  0.65     0.0000000         0.0120880
 -0.17000  0.65     0.0000000         0.0120584
 -0.16750  0.65     0.0000000         0.0120304
 -0.16500  0.65     0.0000000         0.0120037
 -0.16250  0.65     0.0000000         0.0119784
 -0.16000  0.65     0.0000000         0.0119543
 -0.15750  0.65     0.0000000         0.0119313
 -0.15500  0.65     0.0000000         0.0119095
 -0.15250  0.65     0.0000000         0.0118887
 -0.15000  0.65     0.0000000         0.0118689
 -0.14750  0.65     0.0000000         0.0118501
 -0.14500  0.65     0.0000000         0.0118321
 -0.14250  0.65     0.0000000         0.0118150
 -0.14000  0.65     0.0000000         0.0117987
 -0.13750  0.65     0.0000000         0.0117831
 -0.13500  0.65     0.0000000         0.0117683
 -0.13250  0.65     0.0000000         0.0117542
 -0.13000  0.65     0.0000000         0.0117408
 -0.12750  0.65     0.0000000         0.0117280
 -0.12500  0.65     0.0000000         0.0117158
 -0.12250  0.65     0.0000000         0.0117042
 -0.12000  0.65     0.0000000         0.0116932
 -0.11750  0.65     0.0000000         0.0116828
 -0.11500  0.65     0.0000000         0.0116728
 -0.11250  0.65     0.0000000         0.0116634
 -0.11000  0.65     0.0000000         0.0116545
 -0.10750  0.65     0.0000000         0.0116461
 -0.10500  0.65     0.0000000         0.0116381
 -0.10250  0.65     0.0000000         0.0116306
 -0.10000  0.65     0.0000000         0.0116235
 -0.09750  0.65     0.0000000         0.0116169
 -0.09500  0.65     0.0000000         0.0116106
 -0.09250  0.65     0.0000000         0.0116048
 -0.09000  0.65     0.0000000         0.0115994
 -0.08750  0.65     0.0000000         0.0115943
 -0.08500  0.65     0.0000000         0.0115896
 -0.08250  0.65     0.0000000         0.0115853
 -0.08000  0.65     0.0000000         0.0115813
 -0.07750  0.65     0.0000000         0.0115777
 -0.07500  0.65     0.0000000         0.0115745
 -0.07250  0.65     0.0000000         0.0115715
 -0.07000  0.65     0.0000000         0.0115689
 -0.06750  0.65     0.0000000         0.0115667
 -0.06500  0.65     0.0000000         0.0115647
 -0.06250  0.65     0.0000000         0.0115631
 -0.06000  0.65     0.0000000         0.0115618
 -0.05750  0.65     0.0000000         0.0115608
 -0.05500  0.65     0.0000000         0.0115601
 -0.05250  0.65     0.0000000         0.0115597
 -0.05000  0.65     0.0000000         0.0115596
 -0.04750  0.65     0.0000000         0.0115598
 -0.04500  0.65     0.0000000         0.0115603
 -0.04250  0.65     0.0000000         0.0115611
 -0.04000  0.65     0.0000000         0.0115622
 -0.03750  0.65     0.0000000         0.0115635
 -0.03500  0.65     0.0000000         0.0115652
 -0.03250  0.65     0.0000000         0.0115671
 -0.03000  0.65     0.0000000         0.0115694
 -0.02750  0.65     0.0000000         0.0115719
 -0.02500  0.65     0.0000000         0.0115747
 -0.02250  0.65     0.0000000         0.0115778
 -0.02000  0.65     0.0000000         0.0115811
 -0.01750  0.65     0.0000000         0.0115848
 -0.01500  0.65     0.0000000         0.0115888
 -0.01250  0.65     0.0000000         0.0115930
 -0.01000  0.65     0.0000000         0.0115976
 -0.00750  0.65     0.0000000         0.0116024
 -0.00500  0.65     0.0000000         0.0116075
 -0.00250  0.65     0.0000000         0.0116130
  0.00000  0.65     0.0000000         0.0116187
