 -2.00000   0.701    2.5147954       363.6835834
 -1.99750   0.701    2.4928172       367.0844929
 -1.99500   0.701    2.4703464       370.3475517
 -1.99250   0.701    2.4474228       373.4344106
 -1.99000   0.701    2.4240733       376.3048014
 -1.98750   0.701    2.4003017       378.9172700
 -1.98500   0.701    2.3760759       381.2299669
 -1.98250   0.701    2.3513105       383.2014539
 -1.98000   0.701    2.3258325       384.7905096
 -1.97750   0.701    2.2993588       385.9571673
 -1.97500   0.701    2.2714159       386.6600727
 -1.97250   0.701    2.2412366       386.8540955
 -1.97000   0.701    2.2075444       386.4812186
 -1.96750   0.701    2.1680659       385.4524045
 -1.96500   0.701    2.1182005       383.5944205
 -1.96250   0.701    2.0458110       380.4463276
 -1.96000   0.701    1.8618194       372.5339576
 -1.95750   0.701    1.8313629       351.3280377
 -1.95500   0.701    1.8438888       344.4148448
 -1.95250   0.701    1.8528137       339.8308972
 -1.95000   0.701    1.8598541       336.4791018
 -1.94750   0.701    1.8656857       333.9350695
 -1.94500   0.701    1.8706593       331.9796967
 -1.94250   0.701    1.8749852       330.4815519
 -1.94000   0.701    1.8788014       329.3539662
 -1.93750   0.701    1.8822043       328.5357584
 -1.93500   0.701    1.8852643       327.9813928
 -1.93250   0.701    1.8880344       327.6554411
 -1.93000   0.701    1.8905544       327.5291354
 -1.92750   0.701    1.8928629       327.5786461
 -1.92500   0.701    1.8949813       327.7822552
 -1.92250   0.701    1.8969332       328.1252582
 -1.92000   0.701    1.8987383       328.5840519
 -1.91750   0.701    1.9004122       329.1460347
 -1.91500   0.701    1.9019691       329.7948670
 -1.91250   0.701    1.9034214       330.5148631
 -1.91000   0.701    1.9047804       331.2903570
 -1.90750   0.701    1.9060564       332.1055205
 -1.90500   0.701    1.9072590       332.9442544
 -1.90250   0.701    1.9083974       333.7901537
 -1.90000   0.701    1.9094800       334.6264925
 -1.89750   0.701    1.9105154       335.4364735
 -1.89500   0.701    1.9115118       336.2030226
 -1.89250   0.701    1.9124773       336.9093253
 -1.89000   0.701    1.9134196       337.5389043
 -1.88750   0.701    1.9143467       338.0759521
 -1.88500   0.701    1.9152660       338.5056669
 -1.88250   0.701    1.9161848       338.8146153
 -1.88000   0.701    1.9171101       338.9911008
 -1.87750   0.701    1.9180483       339.0255171
 -1.87500   0.701    1.9190052       338.9106612
 -1.87250   0.701    1.9199860       338.6419795
 -1.87000   0.701    1.9209947       338.2177217
 -1.86750   0.701    1.9220347       337.6389807
 -1.86500   0.701    1.9231082       336.9095943
 -1.86250   0.701    1.9242160       336.0359655
 -1.86000   0.701    1.9253582       335.0266084
 -1.85750   0.701    1.9265334       333.8917592
 -1.85500   0.701    1.9277391       332.6427327
 -1.85250   0.701    1.9289719       331.2912829
 -1.85000   0.701    1.9302276       329.8488675
 -1.84750   0.701    1.9315011       328.3259110
 -1.84500   0.701    1.9327868       326.7310415
 -1.84250   0.701    1.9340785       325.0703142
 -1.84000   0.701    1.9353699       323.3463848
 -1.83750   0.701    1.9366543       321.5575655
 -1.83500   0.701    1.9379252       319.6965904
 -1.83250   0.701    1.9391757       317.7488056
 -1.83000   0.701    1.9403989       315.6891029
 -1.82750   0.701    1.9415874       313.4760989
 -1.82500   0.701    1.9427327       311.0395406
 -1.82250   0.701    1.9438236       308.2478509
 -1.82000   0.701    1.9448395       304.7964710
 -1.81750   0.701    1.9457066       299.3692145
 -1.81500   0.701    1.9465191       294.4612007
 -1.81250   0.701    1.9475516       294.1412519
 -1.81000   0.701    1.9485379       293.9070757
 -1.80750   0.701    1.9494655       293.7424573
 -1.80500   0.701    1.9503271       293.6465367
 -1.80250   0.701    1.9511161       293.6244643
 -1.80000   0.701    1.9518256       293.6861517
 -1.79750   0.701    1.9524478       293.8464763
 -1.79500   0.701    1.9529732       294.1260130
 -1.79250   0.701    1.9533908       294.5521069
 -1.79000   0.701    1.9536867       295.1602799
 -1.78750   0.701    1.9538437       295.9960630
 -1.78500   0.701    1.9538399       297.1173133
 -1.78250   0.701    1.9536477       298.5973524
 -1.78000   0.701    1.9532308       300.5290271
 -1.77750   0.701    1.9525422       303.0303399
 -1.77500   0.701    1.9515197       306.2521739
 -1.77250   0.701    1.9500795       310.3891704
 -1.77000   0.701    1.9481091       315.6951175
 -1.76750   0.701    1.9454464       322.5181271
 -1.76500   0.701    1.9418748       331.2936951
 -1.76250   0.701    1.9370689       342.6695236
 -1.76000   0.701    1.9305536       357.5399814
 -1.75750   0.701    1.9216050       377.2189679
 -1.75500   0.701    1.9090862       403.6977266
 -1.75250   0.701    1.8911483       440.1111030
 -1.75000   0.701    1.8646686       491.5994294
 -1.74750   0.701    1.8241701       566.9315463
 -1.74500   0.701    1.7597805       681.4820930
 -1.74250   0.701    1.6539519       861.6939201
 -1.74000   0.701    1.4805556      1144.6534617
 -1.73750   0.701    1.2326388      1531.6939054
 -1.73500   0.701    1.0321111      1823.7888495
 -1.73250   0.701    1.0921963      1709.8713585
 -1.73000   0.701    1.3228794      1359.5768610
 -1.72750   0.701    1.5274258      1073.2820102
 -1.72500   0.701    1.6634324       904.5090199
 -1.72250   0.701    1.7496306       818.8437659
 -1.72000   0.701    1.8054642       783.9591713
 -1.71750   0.701    1.8430523       778.1463769
 -1.71500   0.701    1.8693730       782.2779733
 -1.71250   0.701    1.8884735       761.6229442
 -1.71000   0.701    1.9027369       527.7669616
 -1.70750   0.701    1.9140178       212.2945912
 -1.70500   0.701    1.9223569       195.7368723
 -1.70250   0.701    1.9290493       183.9369416
 -1.70000   0.701    1.9345219       174.8324485
 -1.69750   0.701    1.9390658       167.5555473
 -1.69500   0.701    1.9428888       161.6075039
 -1.69250   0.701    1.9461432       156.6641559
 -1.69000   0.701    1.9489424       152.5007654
 -1.68750   0.701    1.9513725       148.9550981
 -1.68500   0.701    1.9534999       145.9066454
 -1.68250   0.701    1.9553763       143.2639096
 -1.68000   0.701    1.9570424       140.9561740
 -1.67750   0.701    1.9585311       138.9279616
 -1.67500   0.701    1.9598685       137.1351829
 -1.67250   0.701    1.9610761       135.5423989
 -1.67000   0.701    1.9621716       134.1208332
 -1.66750   0.701    1.9631695       132.8469036
 -1.66500   0.701    1.9640821       131.7011230
 -1.66250   0.701    1.9649196       130.6672642
 -1.66000   0.701    1.9656906       129.7317193
 -1.65750   0.701    1.9664025       128.8830017
 -1.65500   0.701    1.9670616       128.1113561
 -1.65250   0.701    1.9676734       127.4084506
 -1.65000   0.701    1.9682425       126.7671305
 -1.64750   0.701    1.9687731       126.1812213
 -1.64500   0.701    1.9692687       125.6453688
 -1.64250   0.701    1.9697324       125.1549095
 -1.64000   0.701    1.9701670       124.7057639
 -1.63750   0.701    1.9705749       124.2943488
 -1.63500   0.701    1.9709582       123.9175049
 -1.63250   0.701    1.9713190       123.5724363
 -1.63000   0.701    1.9716588       123.2566598
 -1.62750   0.701    1.9719793       122.9679623
 -1.62500   0.701    1.9722819       122.7043650
 -1.62250   0.701    1.9725676       122.4640932
 -1.62000   0.701    1.9728378       122.2455501
 -1.61750   0.701    1.9730934       122.0472947
 -1.61500   0.701    1.9733353       121.8680229
 -1.61250   0.701    1.9735643       121.7065514
 -1.61000   0.701    1.9737813       121.5618032
 -1.60750   0.701    1.9739869       121.4327958
 -1.60500   0.701    1.9741817       121.3186302
 -1.60250   0.701    1.9743664       121.2184821
 -1.60000   0.701    1.9745415       121.1315937
 -1.59750   0.701    1.9747076       121.0572664
 -1.59500   0.701    1.9748649       120.9948549
 -1.59250   0.701    1.9750141       120.9437617
 -1.59000   0.701    1.9751554       120.9034322
 -1.58750   0.701    1.9752892       120.8733505
 -1.58500   0.701    1.9754159       120.8530356
 -1.58250   0.701    1.9755358       120.8420380
 -1.58000   0.701    1.9756492       120.8399368
 -1.57750   0.701    1.9757564       120.8463371
 -1.57500   0.701    1.9758575       120.8608675
 -1.57250   0.701    1.9759529       120.8831778
 -1.57000   0.701    1.9760428       120.9129376
 -1.56750   0.701    1.9761273       120.9498341
 -1.56500   0.701    1.9762067       120.9935708
 -1.56250   0.701    1.9762811       121.0438663
 -1.56000   0.701    1.9763508       121.1004535
 -1.55750   0.701    1.9764158       121.1629179
 -1.55500   0.701    1.9764764       121.2314801
 -1.55250   0.701    1.9765327       121.3054482
 -1.55000   0.701    1.9765847       121.3847461
 -1.54750   0.701    1.9766327       121.4691611
 -1.54500   0.701    1.9766767       121.5584852
 -1.54250   0.701    1.9767169       121.6525185
 -1.54000   0.701    1.9767534       121.7510678
 -1.53750   0.701    1.9767862       121.8539466
 -1.53500   0.701    1.9768155       121.9609736
 -1.53250   0.701    1.9768413       122.0719735
 -1.53000   0.701    1.9768637       122.1867756
 -1.52750   0.701    1.9768828       122.3052136
 -1.52500   0.701    1.9768987       122.4271257
 -1.52250   0.701    1.9769114       122.5523538
 -1.52000   0.701    1.9769210       122.6807433
 -1.51750   0.701    1.9769276       122.8121430
 -1.51500   0.701    1.9769313       122.9464046
 -1.51250   0.701    1.9769319       123.0833825
 -1.51000   0.701    1.9769299       123.2229360
 -1.50750   0.701    1.9769242       123.3649061
 -1.50500   0.701    1.9769166       123.5091878
 -1.50250   0.701    1.9769060       123.6556215
 -1.50000   0.701    1.9768927       123.8040763
 -1.49750   0.701    1.9768766       123.9544190
 -1.49500   0.701    1.9768579       124.1065174
 -1.49250   0.701    1.9768366       124.2602407
 -1.49000   0.701    1.9768128       124.4154610
 -1.48750   0.701    1.9767861       124.5720434
 -1.48500   0.701    1.9767569       124.7298658
 -1.48250   0.701    1.9767253       124.8887990
 -1.48000   0.701    1.9766910       125.0487161
 -1.47750   0.701    1.9766543       125.2094907
 -1.47500   0.701    1.9766150       125.3709969
 -1.47250   0.701    1.9765732       125.5331091
 -1.47000   0.701    1.9765288       125.6957015
 -1.46750   0.701    1.9764820       125.8586486
 -1.46500   0.701    1.9764326       126.0218249
 -1.46250   0.701    1.9763807       126.1851044
 -1.46000   0.701    1.9763263       126.3483613
 -1.45750   0.701    1.9762694       126.5114689
 -1.45500   0.701    1.9762099       126.6743006
 -1.45250   0.701    1.9761478       126.8367287
 -1.45000   0.701    1.9760831       126.9986252
 -1.44750   0.701    1.9760159       127.1598612
 -1.44500   0.701    1.9759460       127.3203069
 -1.44250   0.701    1.9758734       127.4798317
 -1.44000   0.701    1.9757982       127.6383038
 -1.43750   0.701    1.9757202       127.7955901
 -1.43500   0.701    1.9756395       127.9515564
 -1.43250   0.701    1.9755560       128.1060669
 -1.43000   0.701    1.9754697       128.2589845
 -1.42750   0.701    1.9753805       128.4101701
 -1.42500   0.701    1.9752883       128.5594831
 -1.42250   0.701    1.9751932       128.7067808
 -1.42000   0.701    1.9750951       128.8519184
 -1.41750   0.701    1.9749938       128.9947489
 -1.41500   0.701    1.9748894       129.1351231
 -1.41250   0.701    1.9747818       129.2728881
 -1.41000   0.701    1.9746708       129.4078902
 -1.40750   0.701    1.9745565       129.5399709
 -1.40500   0.701    1.9744387       129.6689695
 -1.40250   0.701    1.9743174       129.7947215
 -1.40000   0.701    1.9741924       129.9170587
 -1.39750   0.701    1.9740637       130.0358091
 -1.39500   0.701    1.9739311       130.1507964
 -1.39250   0.701    1.9737946       130.2618398
 -1.39000   0.701    1.9736540       130.3687534
 -1.38750   0.701    1.9735087       130.4713461
 -1.38500   0.701    1.9733600       130.5694219
 -1.38250   0.701    1.9732064       130.6627771
 -1.38000   0.701    1.9730482       130.7512027
 -1.37750   0.701    1.9728852       130.8344822
 -1.37500   0.701    1.9727173       130.9123911
 -1.37250   0.701    1.9725443       130.9846970
 -1.37000   0.701    1.9723660       131.0511579
 -1.36750   0.701    1.9721822       131.1115225
 -1.36500   0.701    1.9719927       131.1655283
 -1.36250   0.701    1.9717974       131.2129012
 -1.36000   0.701    1.9715959       131.2533545
 -1.35750   0.701    1.9713881       131.2865871
 -1.35500   0.701    1.9711737       131.3122827
 -1.35250   0.701    1.9709524       131.3301082
 -1.35000   0.701    1.9707240       131.3397117
 -1.34750   0.701    1.9704881       131.3407204
 -1.34500   0.701    1.9702445       131.3327392
 -1.34250   0.701    1.9699928       131.3153471
 -1.34000   0.701    1.9697326       131.2880955
 -1.33750   0.701    1.9694637       131.2505035
 -1.33500   0.701    1.9691855       131.2020551
 -1.33250   0.701    1.9688978       131.1421948
 -1.33000   0.701    1.9685999       131.0703217
 -1.32750   0.701    1.9682916       130.9857844
 -1.32500   0.701    1.9679723       130.8878735
 -1.32250   0.701    1.9676414       130.7758137
 -1.32000   0.701    1.9672985       130.6487537
 -1.31750   0.701    1.9669429       130.5057550
 -1.31500   0.701    1.9665740       130.3457777
 -1.31250   0.701    1.9661911       130.1676639
 -1.31000   0.701    1.9657936       129.9701171
 -1.30750   0.701    1.9653807       129.7516773
 -1.30500   0.701    1.9649516       129.5106899
 -1.30250   0.701    1.9645055       129.2452666
 -1.30000   0.701    1.9640415       128.9532370
 -1.29750   0.701    1.9635585       128.6320844
 -1.29500   0.701    1.9630556       128.2788659
 -1.29250   0.701    1.9625316       127.8901029
 -1.29000   0.701    1.9619855       127.4616376
 -1.28750   0.701    1.9614159       126.9884339
 -1.28500   0.701    1.9608214       126.4642996
 -1.28250   0.701    1.9602007       125.8814845
 -1.28000   0.701    1.9595521       125.2300821
 -1.27750   0.701    1.9588740       124.4971009
 -1.27500   0.701    1.9581645       123.6649525
 -1.27250   0.701    1.9574215       122.7088315
 -1.27000   0.701    1.9566428       121.5917984
 -1.26750   0.701    1.9558258       120.2544724
 -1.26500   0.701    1.9549673       118.5896425
 -1.26250   0.701    1.9540630       116.3605280
 -1.26000   0.701    1.9531036       112.7215462
 -1.25750   0.701    1.9519427       107.9718971
 -1.25500   0.701    1.9508059       108.5925920
 -1.25250   0.701    1.9496383       109.2460889
 -1.25000   0.701    1.9484206       109.9297151
 -1.24750   0.701    1.9471441       110.6447204
 -1.24500   0.701    1.9458023       111.3930489
 -1.24250   0.701    1.9443892       112.1770059
 -1.24000   0.701    1.9428986       112.9992047
 -1.23750   0.701    1.9413243       113.8625767
 -1.23500   0.701    1.9396595       114.7704052
 -1.23250   0.701    1.9378970       115.7263749
 -1.23000   0.701    1.9360287       116.7346347
 -1.22750   0.701    1.9340462       117.7998764
 -1.22500   0.701    1.9319398       118.9274313
 -1.22250   0.701    1.9296992       120.1233904
 -1.22000   0.701    1.9273127       121.3947546
 -1.21750   0.701    1.9247674       122.7496230
 -1.21500   0.701    1.9220492       124.1974316
 -1.21250   0.701    1.9191419       125.7492595
 -1.21000   0.701    1.9160275       127.4182249
 -1.20750   0.701    1.9126856       129.2200024
 -1.20500   0.701    1.9090930       131.1735093
 -1.20250   0.701    1.9052232       133.3018257
 -1.20000   0.701    1.9010457       135.6334460
 -1.19750   0.701    1.8965247       138.2040087
 -1.19500   0.701    1.8916185       141.0587243
 -1.19250   0.701    1.8862772       144.2558488
 -1.19000   0.701    1.8804404       147.8717497
 -1.18750   0.701    1.8740340       152.0084613
 -1.18500   0.701    1.8669650       156.8052312
 -1.18250   0.701    1.8591135       162.4566601
 -1.18000   0.701    1.8503208       169.2421004
 -1.17750   0.701    1.8403698       177.5750279
 -1.17500   0.701    1.8289502       188.0894264
 -1.17250   0.701    1.8155988       201.7983254
 -1.17000   0.701    1.7995841       220.4016017
 -1.16750   0.701    1.7796736       246.9250245
 -1.16500   0.701    1.7536232       287.1585093
 -1.16250   0.701    1.7169486       353.2239468
 -1.16000   0.701    1.6596289       473.4960534
 -1.15750   0.701    1.5563800       723.4538474
 -1.15500   0.701    1.3412734      1316.6999781
 -1.15250   0.701    0.9798894      2470.1961598
 -1.15000   0.701    1.1089743      2283.3079491
 -1.14750   0.701    1.4589381      1196.0874286
 -1.14500   0.701    1.5924692       693.6972063
 -1.14250   0.701    1.6314283       481.7006561
 -1.14000   0.701    1.6355998       380.6353380
 -1.13750   0.701    1.6245363       327.2241693
 -1.13500   0.701    1.6053318       297.0675759
 -1.13250   0.701    1.5809103       279.4795779
 -1.13000   0.701    1.5526214       269.2356085
 -1.12750   0.701    1.5211684       263.5345027
 -1.12500   0.701    1.4869875       260.7478936
 -1.12250   0.701    1.4504224       259.8544369
 -1.12000   0.701    1.4118160       260.1633514
 -1.11750   0.701    1.3715623       261.1710396
 -1.11500   0.701    1.3301373       262.4838621
 -1.11250   0.701    1.2881133       263.7763591
 -1.11000   0.701    1.2462195       264.7833490
 -1.10750   0.701    1.2050218       265.2238621
 -1.10500   0.701    1.1655009       264.9344562
 -1.10250   0.701    1.1283983       263.7380437
 -1.10000   0.701    1.0944657       261.5159214
 -1.09750   0.701    1.0643452       258.1982340
 -1.09500   0.701    1.0385147       253.7649068
 -1.09250   0.701    1.0172443       248.2421621
 -1.09000   0.701    1.0005707       241.6938325
 -1.08750   0.701    0.9882894       234.2072348
 -1.08500   0.701    0.9799619       225.8731125
 -1.08250   0.701    0.9749276       216.7566237
 -1.08000   0.701    0.9722980       206.8479208
 -1.07750   0.701    0.9708739       195.9471162
 -1.07500   0.701    0.9687196       183.2223086
 -1.07250   0.701    0.9565302       159.0274709
 -1.07000   0.701    0.9583421       153.9982710
 -1.06750   0.701    0.9578165       152.8051235
 -1.06500   0.701    0.9578299       151.0098925
 -1.06250   0.701    0.9576668       149.5328373
 -1.06000   0.701    0.9573678       148.2848990
 -1.05750   0.701    0.9569547       147.2134250
 -1.05500   0.701    0.9564408       146.2833167
 -1.05250   0.701    0.9558340       145.4694077
 -1.05000   0.701    0.9551394       144.7527503
 -1.04750   0.701    0.9543600       144.1185684
 -1.04500   0.701    0.9534969       143.5550319
 -1.04250   0.701    0.9525502       143.0524742
 -1.04000   0.701    0.9515190       142.6028613
 -1.03750   0.701    0.9504012       142.1994682
 -1.03500   0.701    0.9491942       141.8365372
 -1.03250   0.701    0.9478942       141.5091678
 -1.03000   0.701    0.9464969       141.2131317
 -1.02750   0.701    0.9449969       140.9447720
 -1.02500   0.701    0.9433882       140.7009178
 -1.02250   0.701    0.9416635       140.4788178
 -1.02000   0.701    0.9398147       140.2760874
 -1.01750   0.701    0.9378326       140.0906664
 -1.01500   0.701    0.9357064       139.9207857
 -1.01250   0.701    0.9334242       139.7649391
 -1.01000   0.701    0.9309723       139.6218619
 -1.00750   0.701    0.9283354       139.4905101
 -1.00500   0.701    0.9254958       139.3700579
 -1.00250   0.701    0.9224335       139.2598625
 -1.00000   0.701    0.9191258       139.1594790
 -0.99750   0.701    0.9155465       139.0686418
 -0.99500   0.701    0.9116656       138.9872627
 -0.99250   0.701    0.9074488       138.9154281
 -0.99000   0.701    0.9028560       138.8533996
 -0.98750   0.701    0.8978409       138.8016155
 -0.98500   0.701    0.8923491       138.7606966
 -0.98250   0.701    0.8863168       138.7314540
 -0.98000   0.701    0.8796682       138.7149117
 -0.97750   0.701    0.8723131       138.7123101
 -0.97500   0.701    0.8641417       138.7250501
 -0.97250   0.701    0.8550220       138.7549899
 -0.97000   0.701    0.8447901       138.8041773
 -0.96750   0.701    0.8332417       138.8750886
 -0.96500   0.701    0.8201176       138.9706837
 -0.96250   0.701    0.8050829       139.0945405
 -0.96000   0.701    0.7876951       139.2510537
 -0.95750   0.701    0.7673539       139.4457409
 -0.95500   0.701    0.7432168       139.6857369
 -0.95250   0.701    0.7140502       139.9806387
 -0.95000   0.701    0.6779423       140.3440694
 -0.94750   0.701    0.6316850       140.7969050
 -0.94500   0.701    0.5692078       141.3750873
 -0.94250   0.701    0.4763641       142.1543238
 -0.94000   0.701    0.2987629       143.3921442
 -0.93750   0.701    0.0010954       139.6937638
 -0.93500   0.701    0.0005507       136.2996845
 -0.93250   0.701    0.0003783       133.9051903
 -0.93000   0.701    0.0002885       131.9259094
 -0.92750   0.701    0.0002322       130.1845262
 -0.92500   0.701    0.0001934       128.5996283
 -0.92250   0.701    0.0001648       127.1263254
 -0.92000   0.701    0.0001428       125.7371038
 -0.91750   0.701    0.0001254       124.4139043
 -0.91500   0.701    0.0001112       123.1442975
 -0.91250   0.701    0.0000995       121.9194308
 -0.91000   0.701    0.0000896       120.7328363
 -0.90750   0.701    0.0000812       119.5796956
 -0.90500   0.701    0.0000740       118.4563636
 -0.90250   0.701    0.0000677       117.3600482
 -0.90000   0.701    0.0000622       116.2885885
 -0.89750   0.701    0.0000573       115.2402955
 -0.89500   0.701    0.0000530       114.2138374
 -0.89250   0.701    0.0000491       113.2081532
 -0.89000   0.701    0.0000456       112.2223886
 -0.88750   0.701    0.0000425       111.2558470
 -0.88500   0.701    0.0000397       110.3079516
 -0.88250   0.701    0.0000371       109.3782166
 -0.88000   0.701    0.0000348       108.4662246
 -0.87750   0.701    0.0000326       107.5716090
 -0.87500   0.701    0.0000306       106.6940403
 -0.87250   0.701    0.0000288       105.8332160
 -0.87000   0.701    0.0000272       104.9888520
 -0.86750   0.701    0.0000256       104.1606771
 -0.86500   0.701    0.0000242       103.3484277
 -0.86250   0.701    0.0000229       102.5518446
 -0.86000   0.701    0.0000217       101.7706713
 -0.85750   0.701    0.0000206       101.0046509
 -0.85500   0.701    0.0000195       100.2535264
 -0.85250   0.701    0.0000185        99.5170393
 -0.85000   0.701    0.0000176        98.7949299
 -0.84750   0.701    0.0000167        98.0869367
 -0.84500   0.701    0.0000159        97.3927974
 -0.84250   0.701    0.0000152        96.7122488
 -0.84000   0.701    0.0000145        96.0450278
 -0.83750   0.701    0.0000138        95.3908715
 -0.83500   0.701    0.0000132        94.7495180
 -0.83250   0.701    0.0000126        94.1207074
 -0.83000   0.701    0.0000120        93.5041819
 -0.82750   0.701    0.0000115        92.8996868
 -0.82500   0.701    0.0000110        92.3069716
 -0.82250   0.701    0.0000105        91.7257890
 -0.82000   0.701    0.0000101        91.1558971
 -0.81750   0.701    0.0000097        90.5970590
 -0.81500   0.701    0.0000093        90.0490437
 -0.81250   0.701    0.0000089        89.5116259
 -0.81000   0.701    0.0000085        88.9845869
 -0.80750   0.701    0.0000082        88.4677147
 -0.80500   0.701    0.0000079        87.9608041
 -0.80250   0.701    0.0000076        87.4636571
 -0.80000   0.701    0.0000073        86.9760813
 -0.79750   0.701    0.0000070        86.4978977
 -0.79500   0.701    0.0000067        86.0289259
 -0.79250   0.701    0.0000065        85.5689988
 -0.79000   0.701    0.0000062        85.1179542
 -0.78750   0.701    0.0000060        84.6756520
 -0.78500   0.701    0.0000058        84.2419101
 -0.78250   0.701    0.0000056        83.8166231
 -0.78000   0.701    0.0000054        83.3996480
 -0.77750   0.701    0.0000052        82.9908594
 -0.77500   0.701    0.0000050        82.5901390
 -0.77250   0.701    0.0000048        82.1973749
 -0.77000   0.701    0.0000047        81.8124618
 -0.76750   0.701    0.0000045        81.4353003
 -0.76500   0.701    0.0000044        81.0657972
 -0.76250   0.701    0.0000042        80.7038649
 -0.76000   0.701    0.0000041        80.3494212
 -0.75750   0.701    0.0000039        80.0023894
 -0.75500   0.701    0.0000038        79.6626975
 -0.75250   0.701    0.0000037        79.3302782
 -0.75000   0.701    0.0000036        79.0050687
 -0.74750   0.701    0.0000035        78.6870104
 -0.74500   0.701    0.0000033        78.3760484
 -0.74250   0.701    0.0000032        78.0721316
 -0.74000   0.701    0.0000031        77.7752122
 -0.73750   0.701    0.0000030        77.4852453
 -0.73500   0.701    0.0000029        77.2021890
 -0.73250   0.701    0.0000029        76.9260038
 -0.73000   0.701    0.0000028        76.6566525
 -0.72750   0.701    0.0000027        76.3941000
 -0.72500   0.701    0.0000026        76.1383129
 -0.72250   0.701    0.0000025        75.8892592
 -0.72000   0.701    0.0000025        75.6469082
 -0.71750   0.701    0.0000024        75.4112304
 -0.71500   0.701    0.0000023        75.1821969
 -0.71250   0.701    0.0000022        74.9597794
 -0.71000   0.701    0.0000022        74.7439500
 -0.70750   0.701    0.0000021        74.5346808
 -0.70500   0.701    0.0000021        74.3319440
 -0.70250   0.701    0.0000020        74.1357114
 -0.70000   0.701    0.0000019        73.9459542
 -0.69750   0.701    0.0000019        73.7626433
 -0.69500   0.701    0.0000018        73.5857484
 -0.69250   0.701    0.0000018        73.4152383
 -0.69000   0.701    0.0000017        73.2510807
 -0.68750   0.701    0.0000017        73.0932419
 -0.68500   0.701    0.0000017        72.9416867
 -0.68250   0.701    0.0000016        72.7963783
 -0.68000   0.701    0.0000016        72.6572780
 -0.67750   0.701    0.0000015        72.5243453
 -0.67500   0.701    0.0000015        72.3975376
 -0.67250   0.701    0.0000014        72.2768103
 -0.67000   0.701    0.0000014        72.1621164
 -0.66750   0.701    0.0000014        72.0534064
 -0.66500   0.701    0.0000013        71.9506287
 -0.66250   0.701    0.0000013        71.8537288
 -0.66000   0.701    0.0000013        71.7626496
 -0.65750   0.701    0.0000012        71.6773315
 -0.65500   0.701    0.0000012        71.5977119
 -0.65250   0.701    0.0000012        71.5237252
 -0.65000   0.701    0.0000011        71.4553031
 -0.64750   0.701    0.0000011        71.3923741
 -0.64500   0.701    0.0000011        71.3348638
 -0.64250   0.701    0.0000011        71.2826946
 -0.64000   0.701    0.0000010        71.2357867
 -0.63750   0.701    0.0000010        71.1940531
 -0.63500   0.701    0.0000010        71.1574096
 -0.63250   0.701    0.0000010        71.1257646
 -0.63000   0.701    0.0000009        71.0990245
 -0.62750   0.701    0.0000009        71.0770919
 -0.62500   0.701    0.0000009        71.0598663
 -0.62250   0.701    0.0000009        71.0472437
 -0.62000   0.701    0.0000009        71.0391169
 -0.61750   0.701    0.0000008        71.0353750
 -0.61500   0.701    0.0000008        71.0359037
 -0.61250   0.701    0.0000008        71.0405854
 -0.61000   0.701    0.0000008        71.0492988
 -0.60750   0.701    0.0000008        71.0619192
 -0.60500   0.701    0.0000008        71.0783185
 -0.60250   0.701    0.0000007        71.0983650
 -0.60000   0.701    0.0000007        71.1219235
 -0.59750   0.701    0.0000007        71.1488552
 -0.59500   0.701    0.0000007        71.1790179
 -0.59250   0.701    0.0000007        71.2122659
 -0.59000   0.701    0.0000007        71.2484499
 -0.58750   0.701    0.0000006        71.2874165
 -0.58500   0.701    0.0000006        71.3290099
 -0.58250   0.701    0.0000006        71.3730698
 -0.58000   0.701    0.0000006        71.4194328
 -0.57750   0.701    0.0000006        71.4679316
 -0.57500   0.701    0.0000006        71.5183955
 -0.57250   0.701    0.0000006        71.5706500
 -0.57000   0.701    0.0000006        71.6245173
 -0.56750   0.701    0.0000005        71.6798157
 -0.56500   0.701    0.0000005        71.7363598
 -0.56250   0.701    0.0000005        71.7939607
 -0.56000   0.701    0.0000005        71.8524255
 -0.55750   0.701    0.0000005        71.9115564
 -0.55500   0.701    0.0000005        71.9711573
 -0.55250   0.701    0.0000005        72.0310199
 -0.55000   0.701    0.0000005        72.0909374
 -0.54750   0.701    0.0000005        72.1506980
 -0.54500   0.701    0.0000004        72.2100856
 -0.54250   0.701    0.0000004        72.2688803
 -0.54000   0.701    0.0000004        72.3268578
 -0.53750   0.701    0.0000004        72.3837898
 -0.53500   0.701    0.0000004        72.4394435
 -0.53250   0.701    0.0000004        72.4935818
 -0.53000   0.701    0.0000004        72.5459632
 -0.52750   0.701    0.0000004        72.5963412
 -0.52500   0.701    0.0000004        72.6444649
 -0.52250   0.701    0.0000004        72.6900784
 -0.52000   0.701    0.0000004        72.7329205
 -0.51750   0.701    0.0000004        72.7727249
 -0.51500   0.701    0.0000004        72.8092201
 -0.51250   0.701    0.0000003        72.8421284
 -0.51000   0.701    0.0000003        72.8711668
 -0.50750   0.701    0.0000003        72.8960458
 -0.50500   0.701    0.0000003        72.9164697
 -0.50250   0.701    0.0000003        72.9321358
 -0.50000   0.701    0.0000003        72.9427348
 -0.49750   0.701    0.0000003        72.9479495
 -0.49500   0.701    0.0000003        72.9474551
 -0.49250   0.701    0.0000003        72.9409192
 -0.49000   0.701    0.0000003        72.9279994
 -0.48750   0.701    0.0000003        72.9083451
 -0.48500   0.701    0.0000003        72.8815953
 -0.48250   0.701    0.0000003        72.8473789
 -0.48000   0.701    0.0000003        72.8053134
 -0.47750   0.701    0.0000003        72.7550043
 -0.47500   0.701    0.0000003        72.6960444
 -0.47250   0.701    0.0000002        72.6280126
 -0.47000   0.701    0.0000002        72.5504730
 -0.46750   0.701    0.0000002        72.4629733
 -0.46500   0.701    0.0000002        72.3650442
 -0.46250   0.701    0.0000002        72.2561971
 -0.46000   0.701    0.0000002        72.1359229
 -0.45750   0.701    0.0000002        72.0036902
 -0.45500   0.701    0.0000002        71.8589421
 -0.45250   0.701    0.0000002        71.7010957
 -0.45000   0.701    0.0000002        71.5295373
 -0.44750   0.701    0.0000002        71.3436203
 -0.44500   0.701    0.0000002        71.1426615
 -0.44250   0.701    0.0000002        70.9259366
 -0.44000   0.701    0.0000002        70.6926753
 -0.43750   0.701    0.0000002        70.4420561
 -0.43500   0.701    0.0000002        70.1731992
 -0.43250   0.701    0.0000002        69.8851588
 -0.43000   0.701    0.0000002        69.5769140
 -0.42750   0.701    0.0000002        69.2473577
 -0.42500   0.701    0.0000002        68.8952833
 -0.42250   0.701    0.0000002        68.5193690
 -0.42000   0.701    0.0000002        68.1181576
 -0.41750   0.701    0.0000002        67.6900333
 -0.41500   0.701    0.0000001        67.2331908
 -0.41250   0.701    0.0000001        66.7455981
 -0.41000   0.701    0.0000001        66.2249477
 -0.40750   0.701    0.0000001        65.6685938
 -0.40500   0.701    0.0000001        65.0734707
 -0.40250   0.701    0.0000001        64.4359807
 -0.40000   0.701    0.0000001        63.7518436
 -0.39750   0.701    0.0000001        63.0158826
 -0.39500   0.701    0.0000001        62.2217171
 -0.39250   0.701    0.0000001        61.3613022
 -0.39000   0.701    0.0000001        60.4242123
 -0.38750   0.701    0.0000001        59.3964680
 -0.38500   0.701    0.0000001        58.2584905
 -0.38250   0.701    0.0000001        56.9812230
 -0.38000   0.701    0.0000001        55.5178922
 -0.37750   0.701    0.0000001        53.7832890
 -0.37500   0.701    0.0000001        51.5845419
 -0.37250   0.701    0.0000001        48.1667881
 -0.37000   0.701    0.0000000        44.5798562
 -0.36750   0.701    0.0000000        44.5176114
 -0.36500   0.701    0.0000000        44.4492376
 -0.36250   0.701    0.0000000        44.3717056
 -0.36000   0.701    0.0000000        44.2841825
 -0.35750   0.701    0.0000000        44.1861593
 -0.35500   0.701    0.0000000        44.0772131
 -0.35250   0.701    0.0000000        43.9569459
 -0.35000   0.701    0.0000000        43.8249666
 -0.34750   0.701    0.0000000        43.6808759
 -0.34500   0.701    0.0000000        43.5242664
 -0.34250   0.701    0.0000000        43.3547172
 -0.34000   0.701    0.0000000        43.1717914
 -0.33750   0.701    0.0000000        42.9750342
 -0.33500   0.701    0.0000000        42.7639704
 -0.33250   0.701    0.0000000        42.5381026
 -0.33000   0.701    0.0000000        42.2969089
 -0.32750   0.701    0.0000000        42.0398399
 -0.32500   0.701    0.0000000        41.7663163
 -0.32250   0.701    0.0000000        41.4757257
 -0.32000   0.701    0.0000000        41.1674190
 -0.31750   0.701    0.0000000        40.8407068
 -0.31500   0.701    0.0000000        40.4948541
 -0.31250   0.701    0.0000000        40.1290760
 -0.31000   0.701    0.0000000        39.7425314
 -0.30750   0.701    0.0000000        39.3343161
 -0.30500   0.701    0.0000000        38.9034548
 -0.30250   0.701    0.0000000        38.4488923
 -0.30000   0.701    0.0000000        37.9694820
 -0.29750   0.701    0.0000000        37.4639738
 -0.29500   0.701    0.0000000        36.9309981
 -0.29250   0.701    0.0000000        36.3690481
 -0.29000   0.701    0.0000000        35.7764577
 -0.28750   0.701    0.0000000        35.1513746
 -0.28500   0.701    0.0000000        34.4917275
 -0.28250   0.701    0.0000000        33.7951856
 -0.28000   0.701    0.0000000        33.0591075
 -0.27750   0.701    0.0000000        32.2804758
 -0.27500   0.701    0.0000000        31.4558152
 -0.27250   0.701    0.0000000        30.5810822
 -0.27000   0.701    0.0000000        29.6515212
 -0.26750   0.701    0.0000000        28.6614681
 -0.26500   0.701    0.0000000        27.6040782
 -0.26250   0.701    0.0000000        26.4709390
 -0.26000   0.701    0.0000000        25.2515006
 -0.25750   0.701    0.0000000        23.9322080
 -0.25500   0.701    0.0000000        22.4951164
 -0.25250   0.701    0.0000000        20.9155540
 -0.25000   0.701    0.0000000        19.1578782
 -0.24750   0.701    0.0000000        17.1669857
 -0.24500   0.701    0.0000000        14.8488035
 -0.24250   0.701    0.0000000        12.0146270
 -0.24000   0.701    0.0000000         8.1409988
 -0.23750   0.701    0.0000000         0.0514003
 -0.23500   0.701    0.0000000         0.0247614
 -0.23250   0.701    0.0000000         0.0204577
 -0.23000   0.701    0.0000000         0.0184308
 -0.22750   0.701    0.0000000         0.0172010
 -0.22500   0.701    0.0000000         0.0163575
 -0.22250   0.701    0.0000000         0.0157352
 -0.22000   0.701    0.0000000         0.0152530
 -0.21750   0.701    0.0000000         0.0148661
 -0.21500   0.701    0.0000000         0.0145474
 -0.21250   0.701    0.0000000         0.0142795
 -0.21000   0.701    0.0000000         0.0140506
 -0.20750   0.701    0.0000000         0.0138522
 -0.20500   0.701    0.0000000         0.0136785
 -0.20250   0.701    0.0000000         0.0135249
 -0.20000   0.701    0.0000000         0.0133880
 -0.19750   0.701    0.0000000         0.0132651
 -0.19500   0.701    0.0000000         0.0131541
 -0.19250   0.701    0.0000000         0.0130533
 -0.19000   0.701    0.0000000         0.0129614
 -0.18750   0.701    0.0000000         0.0128771
 -0.18500   0.701    0.0000000         0.0127996
 -0.18250   0.701    0.0000000         0.0127281
 -0.18000   0.701    0.0000000         0.0126620
 -0.17750   0.701    0.0000000         0.0126006
 -0.17500   0.701    0.0000000         0.0125434
 -0.17250   0.701    0.0000000         0.0124901
 -0.17000   0.701    0.0000000         0.0124404
 -0.16750   0.701    0.0000000         0.0123938
 -0.16500   0.701    0.0000000         0.0123501
 -0.16250   0.701    0.0000000         0.0123090
 -0.16000   0.701    0.0000000         0.0122704
 -0.15750   0.701    0.0000000         0.0122341
 -0.15500   0.701    0.0000000         0.0121999
 -0.15250   0.701    0.0000000         0.0121676
 -0.15000   0.701    0.0000000         0.0121370
 -0.14750   0.701    0.0000000         0.0121082
 -0.14500   0.701    0.0000000         0.0120809
 -0.14250   0.701    0.0000000         0.0120551
 -0.14000   0.701    0.0000000         0.0120307
 -0.13750   0.701    0.0000000         0.0120075
 -0.13500   0.701    0.0000000         0.0119856
 -0.13250   0.701    0.0000000         0.0119648
 -0.13000   0.701    0.0000000         0.0119451
 -0.12750   0.701    0.0000000         0.0119264
 -0.12500   0.701    0.0000000         0.0119087
 -0.12250   0.701    0.0000000         0.0118919
 -0.12000   0.701    0.0000000         0.0118760
 -0.11750   0.701    0.0000000         0.0118610
 -0.11500   0.701    0.0000000         0.0118467
 -0.11250   0.701    0.0000000         0.0118332
 -0.11000   0.701    0.0000000         0.0118204
 -0.10750   0.701    0.0000000         0.0118084
 -0.10500   0.701    0.0000000         0.0117970
 -0.10250   0.701    0.0000000         0.0117862
 -0.10000   0.701    0.0000000         0.0117761
 -0.09750   0.701    0.0000000         0.0117666
 -0.09500   0.701    0.0000000         0.0117577
 -0.09250   0.701    0.0000000         0.0117493
 -0.09000   0.701    0.0000000         0.0117414
 -0.08750   0.701    0.0000000         0.0117341
 -0.08500   0.701    0.0000000         0.0117273
 -0.08250   0.701    0.0000000         0.0117210
 -0.08000   0.701    0.0000000         0.0117152
 -0.07750   0.701    0.0000000         0.0117099
 -0.07500   0.701    0.0000000         0.0117050
 -0.07250   0.701    0.0000000         0.0117006
 -0.07000   0.701    0.0000000         0.0116966
 -0.06750   0.701    0.0000000         0.0116930
 -0.06500   0.701    0.0000000         0.0116898
 -0.06250   0.701    0.0000000         0.0116871
 -0.06000   0.701    0.0000000         0.0116848
 -0.05750   0.701    0.0000000         0.0116828
 -0.05500   0.701    0.0000000         0.0116813
 -0.05250   0.701    0.0000000         0.0116801
 -0.05000   0.701    0.0000000         0.0116794
 -0.04750   0.701    0.0000000         0.0116790
 -0.04500   0.701    0.0000000         0.0116790
 -0.04250   0.701    0.0000000         0.0116793
 -0.04000   0.701    0.0000000         0.0116801
 -0.03750   0.701    0.0000000         0.0116812
 -0.03500   0.701    0.0000000         0.0116826
 -0.03250   0.701    0.0000000         0.0116844
 -0.03000   0.701    0.0000000         0.0116866
 -0.02750   0.701    0.0000000         0.0116892
 -0.02500   0.701    0.0000000         0.0116921
 -0.02250   0.701    0.0000000         0.0116953
 -0.02000   0.701    0.0000000         0.0116990
 -0.01750   0.701    0.0000000         0.0117029
 -0.01500   0.701    0.0000000         0.0117073
 -0.01250   0.701    0.0000000         0.0117120
 -0.01000   0.701    0.0000000         0.0117171
 -0.00750   0.701    0.0000000         0.0117226
 -0.00500   0.701    0.0000000         0.0117284
 -0.00250   0.701    0.0000000         0.0117346
  0.00000   0.701    0.0000000         0.0117412
